# Gnuplot File : positions of 1 particle(s) Monitored
# 1st Column : time, others : particle(s) number 97 
0.01	-0.000134947 0.0155521 -6.36911e-05	
0.02	-0.000127708 0.0157418 -5.27448e-05	
0.03	-0.000118231 0.0160107 -8.42165e-05	
0.04	-0.000113401 0.0164243 -7.11393e-05	
0.05	-0.000126372 0.0166889 -8.59032e-05	
0.06	-0.000131332 0.016974 -9.64109e-05	
0.07	-0.000144683 0.0171263 -0.000113715	
0.08	-0.00015483 0.0172995 -0.000135284	
0.09	-0.000166383 0.01735 -0.000148916	
0.1	-0.000175345 0.0174448 -0.000170423	
0.11	-0.000184685 0.017431 -0.000171531	
0.12	-0.000190308 0.0174827 -0.00018449	
0.13	-0.000197745 0.0174371 -0.000170966	
0.14	-0.000200253 0.0174717 -0.000176303	
0.15	-0.000205432 0.0174182 -0.00015291	
0.16	-0.000204267 0.0174512 -0.000156205	
0.17	-0.000206342 0.0174032 -0.00013016	
0.18	-0.000201839 0.0174414 -0.000136288	
0.19	-0.000201198 0.0174041 -0.000112361	
0.2	-0.000194963 0.0174482 -0.000122745	
0.21	-0.000193104 0.0174212 -0.000102276	
0.22	-0.000186785 0.0174682 -0.000116189	
0.23	-0.000185175 0.0174479 -9.86487e-05	
0.24	-0.000179867 0.0174938 -0.000114561	
0.25	-0.000179403 0.0174766 -9.88607e-05	
0.26	-0.000175518 0.0175183 -0.000115312	
0.27	-0.000176386 0.0175017 -0.000100518	
0.28	-0.000173795 0.0175378 -0.000116471	
0.29	-0.000175705 0.0175209 -0.000102066	
0.3	-0.000174 0.0175515 -0.000117009	
0.31	-0.000176473 0.0175344 -0.000102907	
0.32	-0.000175201 0.0175603 -0.000116722	
0.33	-0.000177796 0.0175438 -0.000103089	
0.34	-0.000176624 0.017566 -0.000115871	
0.35	-0.000179059 0.0175507 -0.000102932	
0.36	-0.000177822 0.0175702 -0.000114852	
0.37	-0.000179942 0.0175565 -0.000102811	
0.38	-0.000178605 0.0175739 -0.00011397	
0.39	-0.000180396 0.0175619 -0.000102921	
0.4	-0.000179001 0.0175774 -0.000113354	
0.41	-0.000180539 0.017567 -0.000103307	
0.42	-0.000179174 0.017581 -0.000113044	
0.43	-0.000180554 0.017572 -0.000103963	
0.44	-0.000179291 0.0175844 -0.000113031	
0.45	-0.000180591 0.0175765 -0.000104846	
0.46	-0.000179483 0.0175875 -0.000113251	
0.47	-0.000180749 0.0175806 -0.000105884	
0.48	-0.000179812 0.0175903 -0.000113644	
0.49	-0.000181057 0.0175842 -0.000107023	
0.5	-0.00018018 0.0175927 -0.000114015	
0.51	-0.000181233 0.0175872 -0.000107789	
0.52	-0.000180339 0.0175946 -0.000113871	
0.53	-0.000181211 0.0175897 -0.000108009	
0.54	-0.000180364 0.0175962 -0.000113407	
0.55	-0.000181164 0.0175919 -0.000108059	
0.56	-0.000180408 0.0175976 -0.000112936	
0.57	-0.000181158 0.0175939 -0.000108129	
0.58	-0.000180492 0.017599 -0.000112574	
0.59	-0.000181196 0.0175957 -0.000108294	
0.6	-0.000180614 0.0176002 -0.000112366	
0.61	-0.000181273 0.0175974 -0.00010857	
0.62	-0.000180767 0.0176015 -0.000112299	
0.63	-0.000181387 0.017599 -0.000108939	
0.64	-0.000180951 0.0176026 -0.00011235	
0.65	-0.000181532 0.0176005 -0.000109377	
0.66	-0.000181156 0.0176037 -0.000112489	
0.67	-0.000181696 0.0176019 -0.000109865	
0.68	-0.000181378 0.0176048 -0.000112697	
0.69	-0.000181885 0.0176032 -0.000110379	
0.7	-0.000181624 0.0176058 -0.000112954	
0.71	-0.000182118 0.0176044 -0.000110893	
0.72	-0.000181921 0.0176067 -0.000113208	
0.73	-0.000182383 0.0176056 -0.000111369	
0.74	-0.000182211 0.0176077 -0.00011347	
0.75	-0.000182629 0.0176068 -0.000111853	
0.76	-0.000182481 0.0176087 -0.000113763	
0.77	-0.00018287 0.0176079 -0.000112342	
0.78	-0.000182757 0.0176097 -0.000114074	
0.79	-0.00018313 0.0176091 -0.000112828	
0.8	-0.000183053 0.0176107 -0.000114403	
0.81	-0.000183415 0.0176102 -0.000113318	
0.82	-0.000183377 0.0176117 -0.000114755	
0.83	-0.000183733 0.0176113 -0.000113821	
0.84	-0.00018373 0.0176127 -0.000115145	
0.85	-0.000184081 0.0176125 -0.000114352	
0.86	-0.000184112 0.0176138 -0.00011558	
0.87	-0.000184464 0.0176136 -0.00011492	
0.88	-0.000184532 0.0176149 -0.00011607	
0.89	-0.000184884 0.0176148 -0.00011554	
0.9	-0.000184984 0.017616 -0.000116629	
0.91	-0.000185342 0.0176161 -0.000116226	
0.92	-0.000185476 0.0176173 -0.000117273	
0.93	-0.000185842 0.0176174 -0.000116994	
0.94	-0.000186014 0.0176186 -0.000118015	
0.95	-0.000186395 0.0176188 -0.00011786	
0.96	-0.000186607 0.01762 -0.000118871	
0.97	-0.000187009 0.0176204 -0.000118841	
0.98	-0.000187264 0.0176216 -0.000119857	
0.99	-0.000187692 0.0176221 -0.000119952	
1	-0.000187993 0.0176233 -0.000120989	
1.01	-0.000188452 0.0176239 -0.000121225	
1.02	-0.000188794 0.0176252 -0.000122315	
1.03	-0.000189277 0.017626 -0.00012269	
1.04	-0.000189662 0.0176274 -0.000123842	
1.05	-0.000190176 0.0176283 -0.000124375	
1.06	-0.000190617 0.0176299 -0.000125624	
1.07	-0.000191717 0.0176311 -0.000126851	
1.08	-0.000192414 0.0176324 -0.000128203	
1.09	-0.000193057 0.0176337 -0.000129047	
1.1	-0.00019364 0.0176353 -0.000130382	
1.11	-0.000194239 0.0176367 -0.000131363	
1.12	-0.000194798 0.0176386 -0.000132885	
1.13	-0.000195962 0.0176402 -0.000134649	
1.14	-0.000196782 0.0176417 -0.000136385	
1.15	-0.00019742 0.0176432 -0.000137622	
1.16	-0.00019794 0.0176448 -0.000138948	
1.17	-0.00019831 0.0176465 -0.000139729	
1.18	-0.000199101 0.017648 -0.0001411	
1.19	-0.000199475 0.0176494 -0.000141496	
1.2	-0.000199534 0.0176511 -0.000141887	
1.21	-0.000200098 0.0176526 -0.000142296	
1.22	-0.000200135 0.0176542 -0.000142323	
1.23	-0.000200533 0.0176557 -0.000142511	
1.24	-0.000200497 0.0176569 -0.000142305	
1.25	-0.000200181 0.0176584 -0.000141777	
1.26	-0.000200437 0.0176596 -0.000141843	
1.27	-0.000200244 0.0176608 -0.000141275	
1.28	-0.00020048 0.0176617 -0.000141291	
1.29	-0.000200385 0.0176625 -0.000140648	
1.3	-0.000200655 0.0176631 -0.000140638	
1.31	-0.000200843 0.0176633 -0.000140464	
1.32	-0.000200993 0.0176637 -0.00014093	
1.33	-0.000201843 0.0176634 -0.000141618	
1.34	-0.000202115 0.0176628 -0.000141713	
1.35	-0.000202188 0.0176622 -0.000141351	
1.36	-0.000202744 0.0176616 -0.000141434	
1.37	-0.000202703 0.0176604 -0.00014066	
1.38	-0.000202318 0.0176596 -0.000139719	
1.39	-0.000201815 0.0176585 -0.000138458	
1.4	-0.000201093 0.0176576 -0.000137119	
1.41	-0.000200364 0.0176568 -0.000135552	
1.42	-0.000200199 0.0176559 -0.00013469	
1.43	-0.000199619 0.0176545 -0.000133123	
1.44	-0.000198799 0.0176535 -0.000131545	
1.45	-0.000197979 0.017652 -0.000129682	
1.46	-0.000196884 0.0176508 -0.000127781	
1.47	-0.000195785 0.0176493 -0.000125791	
1.48	-0.000194619 0.0176479 -0.000123951	
1.49	-0.000193524 0.0176463 -0.000122106	
1.5	-0.000192464 0.0176448 -0.00012047	
1.51	-0.000191513 0.0176431 -0.000119078	
1.52	-0.000190676 0.0176414 -0.00011781	
1.53	-0.000189904 0.0176395 -0.000116558	
1.54	-0.000189202 0.0176378 -0.000115466	
1.55	-0.00018858 0.017636 -0.000114404	
1.56	-0.000188025 0.0176344 -0.000113497	
1.57	-0.000187564 0.0176327 -0.000112607	
1.58	-0.000187168 0.0176312 -0.000111869	
1.59	-0.000186851 0.0176297 -0.000111158	
1.6	-0.000186587 0.0176284 -0.000110604	
1.61	-0.00018639 0.0176272 -0.000110083	
1.62	-0.000186245 0.0176261 -0.000109702	
1.63	-0.000186168 0.017625 -0.000109338	
1.64	-0.000186141 0.017624 -0.000109087	
1.65	-0.000186177 0.0176231 -0.000108837	
1.66	-0.000186259 0.0176223 -0.000108677	
1.67	-0.000186397 0.0176215 -0.000108505	
1.68	-0.000186572 0.0176208 -0.000108409	
1.69	-0.000186794 0.0176202 -0.000108296	
1.7	-0.000187047 0.0176196 -0.000108245	
1.71	-0.000187342 0.0176191 -0.00010817	
1.72	-0.000187673 0.0176187 -0.00010814	
1.73	-0.000188046 0.0176183 -0.000108081	
1.74	-0.000188447 0.0176179 -0.000108057	
1.75	-0.00018888 0.0176176 -0.000108002	
1.76	-0.000189331 0.0176174 -0.000107978	
1.77	-0.000189801 0.0176172 -0.000107922	
1.78	-0.000190279 0.017617 -0.000107894	
1.79	-0.000190769 0.0176169 -0.000107837	
1.8	-0.000191259 0.0176168 -0.000107808	
1.81	-0.000191759 0.0176167 -0.000107756	
1.82	-0.000192262 0.0176167 -0.000107749	
1.83	-0.000192777 0.0176167 -0.000107737	
1.84	-0.000193298 0.0176168 -0.000107776	
1.85	-0.000193832 0.0176168 -0.000107816	
1.86	-0.000194371 0.0176169 -0.000107906	
1.87	-0.000194924 0.017617 -0.000107997	
1.88	-0.000195481 0.0176172 -0.000108133	
1.89	-0.000196049 0.0176173 -0.000108269	
1.9	-0.000196621 0.0176175 -0.000108444	
1.91	-0.000197201 0.0176177 -0.000108617	
1.92	-0.000197783 0.017618 -0.000108825	
1.93	-0.000198371 0.0176182 -0.000109034	
1.94	-0.000198958 0.0176185 -0.00010927	
1.95	-0.000199548 0.0176188 -0.000109504	
1.96	-0.000200136 0.0176191 -0.000109759	
1.97	-0.000200723 0.0176194 -0.000110013	
1.98	-0.000201304 0.0176198 -0.000110281	
1.99	-0.00020188 0.0176201 -0.000110548	
2	-0.000202448 0.0176205 -0.000110828	
2.01	-0.000203007 0.0176209 -0.000111104	
2.02	-0.000203555 0.0176212 -0.00011139	
2.03	-0.000204091 0.0176216 -0.000111672	
2.04	-0.000204612 0.017622 -0.000111962	
2.05	-0.000205117 0.0176224 -0.000112249	
2.06	-0.000205603 0.0176229 -0.000112543	
2.07	-0.000206034 0.0176232 -0.000112756	
2.08	-0.00020635 0.0176235 -0.000112775	
2.09	-0.000206599 0.0176238 -0.000112647	
2.1	-0.00020679 0.0176241 -0.000112479	
2.11	-0.000206939 0.0176244 -0.000112275	
2.12	-0.000207048 0.0176247 -0.000112082	
2.13	-0.000207131 0.017625 -0.000111897	
2.14	-0.000207188 0.0176252 -0.000111748	
2.15	-0.000207227 0.0176255 -0.000111626	
2.16	-0.000207247 0.0176257 -0.000111548	
2.17	-0.000207253 0.0176259 -0.000111503	
2.18	-0.000207243 0.0176261 -0.000111499	
2.19	-0.000207219 0.0176263 -0.000111524	
2.2	-0.000207181 0.0176265 -0.000111582	
2.21	-0.00020713 0.0176267 -0.000111661	
2.22	-0.000207065 0.0176269 -0.000111765	
2.23	-0.000206989 0.0176271 -0.000111885	
2.24	-0.0002069 0.0176272 -0.000112019	
2.25	-0.000206802 0.0176274 -0.000112162	
2.26	-0.000206696 0.0176276 -0.000112316	
2.27	-0.000206586 0.0176277 -0.000112475	
2.28	-0.00020647 0.0176279 -0.000112641	
2.29	-0.000206352 0.017628 -0.000112807	
2.3	-0.000206231 0.0176281 -0.000112975	
2.31	-0.000206109 0.0176283 -0.00011314	
2.32	-0.000205987 0.0176284 -0.000113304	
2.33	-0.000205867 0.0176285 -0.000113462	
2.34	-0.000205749 0.0176286 -0.000113617	
2.35	-0.000205634 0.0176288 -0.000113765	
2.36	-0.000205524 0.0176289 -0.000113908	
2.37	-0.000205419 0.017629 -0.000114043	
2.38	-0.000205319 0.0176291 -0.000114172	
2.39	-0.000205225 0.0176292 -0.000114293	
2.4	-0.000205138 0.0176293 -0.000114407	
2.41	-0.000205057 0.0176294 -0.000114512	
2.42	-0.000204983 0.0176295 -0.000114611	
2.43	-0.000204916 0.0176296 -0.0001147	
2.44	-0.000204857 0.0176297 -0.000114783	
2.45	-0.000204804 0.0176298 -0.000114857	
2.46	-0.000204758 0.0176299 -0.000114924	
2.47	-0.000204719 0.01763 -0.000114983	
2.48	-0.000204687 0.01763 -0.000115034	
2.49	-0.000204662 0.0176301 -0.000115078	
2.5	-0.000204644 0.0176302 -0.000115116	
2.51	-0.000204631 0.0176303 -0.000115145	
2.52	-0.000204625 0.0176304 -0.000115169	
2.53	-0.000204625 0.0176305 -0.000115186	
2.54	-0.00020463 0.0176306 -0.000115197	
2.55	-0.000204641 0.0176307 -0.000115202	
2.56	-0.000204658 0.0176308 -0.000115201	
2.57	-0.000204679 0.0176309 -0.000115195	
2.58	-0.000204705 0.017631 -0.000115184	
2.59	-0.000204735 0.017631 -0.000115168	
2.6	-0.00020477 0.0176311 -0.000115148	
2.61	-0.000204809 0.0176312 -0.000115123	
2.62	-0.000204852 0.0176313 -0.000115095	
2.63	-0.000204898 0.0176314 -0.000115062	
2.64	-0.000204947 0.0176315 -0.000115026	
2.65	-0.000205 0.0176316 -0.000114987	
2.66	-0.000205055 0.0176317 -0.000114945	
2.67	-0.000205113 0.0176318 -0.0001149	
2.68	-0.000205173 0.0176319 -0.000114853	
2.69	-0.000205236 0.017632 -0.000114803	
2.7	-0.000205301 0.0176321 -0.000114751	
2.71	-0.000205367 0.0176322 -0.000114697	
2.72	-0.000205435 0.0176323 -0.000114642	
2.73	-0.000205505 0.0176324 -0.000114584	
2.74	-0.000205576 0.0176325 -0.000114526	
2.75	-0.000205648 0.0176326 -0.000114466	
2.76	-0.000205721 0.0176327 -0.000114404	
2.77	-0.000205795 0.0176328 -0.000114342	
2.78	-0.000205869 0.0176329 -0.000114279	
2.79	-0.000205945 0.017633 -0.000114216	
2.8	-0.00020602 0.0176331 -0.000114152	
2.81	-0.000206097 0.0176331 -0.000114087	
2.82	-0.000206173 0.0176332 -0.000114022	
2.83	-0.00020625 0.0176333 -0.000113956	
2.84	-0.000206327 0.0176334 -0.000113891	
2.85	-0.000206403 0.0176335 -0.000113825	
2.86	-0.00020648 0.0176336 -0.000113759	
2.87	-0.000206557 0.0176337 -0.000113693	
2.88	-0.000206633 0.0176338 -0.000113628	
2.89	-0.000206709 0.0176339 -0.000113562	
2.9	-0.000206785 0.017634 -0.000113497	
2.91	-0.00020686 0.0176341 -0.000113432	
2.92	-0.000206935 0.0176342 -0.000113367	
2.93	-0.000207009 0.0176343 -0.000113303	
2.94	-0.000207083 0.0176343 -0.000113239	
2.95	-0.000207157 0.0176344 -0.000113176	
2.96	-0.00020723 0.0176345 -0.000113113	
2.97	-0.000207302 0.0176346 -0.000113051	
2.98	-0.000207373 0.0176347 -0.00011299	
2.99	-0.000207444 0.0176348 -0.000112929	
3	-0.000207514 0.0176349 -0.000112869	
3.01	-0.000207583 0.0176349 -0.000112809	
3.02	-0.000207652 0.017635 -0.00011275	
3.03	-0.00020772 0.0176351 -0.000112692	
3.04	-0.000207787 0.0176352 -0.000112635	
3.05	-0.000207853 0.0176353 -0.000112578	
3.06	-0.000207919 0.0176353 -0.000112523	
3.07	-0.000207984 0.0176354 -0.000112468	
3.08	-0.000208047 0.0176355 -0.000112414	
3.09	-0.000208111 0.0176356 -0.00011236	
3.1	-0.000208173 0.0176356 -0.000112308	
3.11	-0.000208234 0.0176357 -0.000112257	
3.12	-0.000208295 0.0176358 -0.000112206	
3.13	-0.000208354 0.0176358 -0.000112156	
3.14	-0.000208412 0.0176359 -0.000112107	
3.15	-0.000208469 0.017636 -0.000112059	
3.16	-0.000208525 0.0176361 -0.000112011	
3.17	-0.000208579 0.0176361 -0.000111964	
3.18	-0.000208632 0.0176362 -0.000111917	
3.19	-0.000208684 0.0176362 -0.000111871	
3.2	-0.000208735 0.0176363 -0.000111826	
3.21	-0.000208784 0.0176364 -0.000111782	
3.22	-0.000208833 0.0176364 -0.000111738	
3.23	-0.00020888 0.0176365 -0.000111695	
3.24	-0.000208926 0.0176365 -0.000111653	
3.25	-0.000208972 0.0176366 -0.000111611	
3.26	-0.000209016 0.0176367 -0.00011157	
3.27	-0.00020906 0.0176367 -0.00011153	
3.28	-0.000209102 0.0176368 -0.000111491	
3.29	-0.000209144 0.0176368 -0.000111452	
3.3	-0.000209185 0.0176369 -0.000111414	
3.31	-0.000209225 0.0176369 -0.000111377	
3.32	-0.000209263 0.017637 -0.00011134	
3.33	-0.000209301 0.017637 -0.000111304	
3.34	-0.000209338 0.0176371 -0.000111269	
3.35	-0.000209374 0.0176371 -0.000111234	
3.36	-0.000209408 0.0176372 -0.000111158	
3.37	-0.000209442 0.0176373 -0.00011113	
3.38	-0.000209469 0.0176373 -0.000111086	
3.39	-0.000209493 0.0176373 -0.000111044	
3.4	-0.000209518 0.0176374 -0.000110995	
3.41	-0.000209544 0.0176374 -0.000110947	
3.42	-0.000209571 0.0176375 -0.000110895	
3.43	-0.000209599 0.0176375 -0.000110847	
3.44	-0.000209627 0.0176375 -0.000110797	
3.45	-0.000209654 0.0176376 -0.000110751	
3.46	-0.00020968 0.0176376 -0.000110706	
3.47	-0.000209705 0.0176376 -0.000110665	
3.48	-0.000209729 0.0176377 -0.000110623	
3.49	-0.000209752 0.0176377 -0.000110586	
3.5	-0.000209774 0.0176377 -0.000110548	
3.51	-0.000209794 0.0176378 -0.000110514	
3.52	-0.000209814 0.0176378 -0.000110479	
3.53	-0.000209832 0.0176378 -0.000110446	
3.54	-0.00020985 0.0176378 -0.000110412	
3.55	-0.000209867 0.0176379 -0.00011038	
3.56	-0.000209883 0.0176379 -0.000110347	
3.57	-0.000209899 0.0176379 -0.000110316	
3.58	-0.000209914 0.0176379 -0.000110283	
3.59	-0.000209929 0.017638 -0.000110253	
3.6	-0.000209943 0.017638 -0.000110221	
3.61	-0.000209957 0.017638 -0.000110191	
3.62	-0.00020997 0.017638 -0.000110159	
3.63	-0.000209983 0.0176381 -0.00011013	
3.64	-0.000209995 0.0176381 -0.0001101	
3.65	-0.000210008 0.0176381 -0.000110073	
3.66	-0.000210019 0.0176381 -0.000110043	
3.67	-0.000210031 0.0176381 -0.000110017	
3.68	-0.000210042 0.0176382 -0.000109992	
3.69	-0.000210054 0.0176382 -0.000109967	
3.7	-0.000210065 0.0176382 -0.000109943	
3.71	-0.000210076 0.0176382 -0.000109919	
3.72	-0.000210087 0.0176382 -0.000109897	
3.73	-0.000210098 0.0176383 -0.000109875	
3.74	-0.000210108 0.0176383 -0.000109854	
3.75	-0.000210118 0.0176383 -0.000109833	
3.76	-0.000210128 0.0176383 -0.000109814	
3.77	-0.000210137 0.0176383 -0.000109795	
3.78	-0.000210147 0.0176383 -0.000109776	
3.79	-0.000210156 0.0176384 -0.000109758	
3.8	-0.000210164 0.0176384 -0.00010974	
3.81	-0.000210173 0.0176384 -0.000109723	
3.82	-0.000210181 0.0176384 -0.000109706	
3.83	-0.000210189 0.0176384 -0.00010969	
3.84	-0.000210197 0.0176384 -0.000109674	
3.85	-0.000210205 0.0176384 -0.000109659	
3.86	-0.000210212 0.0176384 -0.000109644	
3.87	-0.000210219 0.0176385 -0.000109629	
3.88	-0.000210226 0.0176385 -0.000109615	
3.89	-0.000210233 0.0176385 -0.000109602	
3.9	-0.00021024 0.0176385 -0.000109588	
3.91	-0.000210246 0.0176385 -0.000109576	
3.92	-0.000210253 0.0176385 -0.000109564	
3.93	-0.000210259 0.0176385 -0.000109552	
3.94	-0.000210265 0.0176385 -0.00010954	
3.95	-0.00021027 0.0176385 -0.000109529	
3.96	-0.000210276 0.0176386 -0.000109518	
3.97	-0.000210282 0.0176386 -0.000109508	
3.98	-0.000210287 0.0176386 -0.000109498	
3.99	-0.000210292 0.0176386 -0.000109488	
4	-0.000210297 0.0176386 -0.000109478	
4.01	-0.000210302 0.0176386 -0.000109469	
4.02	-0.000210306 0.0176386 -0.000109461	
4.03	-0.000210311 0.0176386 -0.000109452	
4.04	-0.000210315 0.0176386 -0.000109444	
4.05	-0.00021032 0.0176386 -0.000109436	
4.06	-0.000210324 0.0176386 -0.000109429	
4.07	-0.000210328 0.0176386 -0.000109422	
4.08	-0.000210332 0.0176387 -0.000109415	
4.09	-0.000210336 0.0176387 -0.000109408	
4.1	-0.00021034 0.0176387 -0.000109402	
4.11	-0.000210343 0.0176387 -0.000109396	
4.12	-0.000210347 0.0176387 -0.00010939	
4.13	-0.00021035 0.0176387 -0.000109385	
4.14	-0.000210354 0.0176387 -0.000109379	
4.15	-0.000210357 0.0176387 -0.000109374	
4.16	-0.00021036 0.0176387 -0.00010937	
4.17	-0.000210363 0.0176387 -0.000109365	
4.18	-0.000210366 0.0176387 -0.000109361	
4.19	-0.000210369 0.0176387 -0.000109357	
4.2	-0.000210372 0.0176387 -0.000109353	
4.21	-0.000210375 0.0176387 -0.00010935	
4.22	-0.000210377 0.0176387 -0.000109347	
4.23	-0.00021038 0.0176387 -0.000109344	
4.24	-0.000210382 0.0176387 -0.000109341	
4.25	-0.000210385 0.0176387 -0.000109338	
4.26	-0.000210387 0.0176387 -0.000109336	
4.27	-0.00021039 0.0176387 -0.000109334	
4.28	-0.000210392 0.0176388 -0.000109332	
4.29	-0.000210395 0.0176388 -0.000109332	
4.3	-0.000210397 0.0176388 -0.000109329	
4.31	-0.000210399 0.0176388 -0.000109329	
4.32	-0.000210401 0.0176388 -0.000109326	
4.33	-0.000210404 0.0176388 -0.000109326	
4.34	-0.000210405 0.0176388 -0.000109323	
4.35	-0.000210408 0.0176388 -0.000109324	
4.36	-0.00021041 0.0176388 -0.000109324	
4.37	-0.000210412 0.0176388 -0.000109323	
4.38	-0.000210413 0.0176388 -0.00010932	
4.39	-0.000210416 0.0176388 -0.000109321	
4.4	-0.000210417 0.0176388 -0.00010932	
4.41	-0.000210419 0.0176388 -0.000109321	
4.42	-0.00021042 0.0176388 -0.000109322	
4.43	-0.000210422 0.0176388 -0.000109322	
4.44	-0.000210423 0.0176388 -0.000109323	
4.45	-0.000210425 0.0176388 -0.000109323	
4.46	-0.000210427 0.0176388 -0.000109324	
4.47	-0.000210429 0.0176388 -0.000109325	
4.48	-0.00021043 0.0176388 -0.000109326	
4.49	-0.000210432 0.0176388 -0.000109327	
4.5	-0.000210433 0.0176388 -0.000109328	
4.51	-0.000210434 0.0176388 -0.00010933	
4.52	-0.000210436 0.0176388 -0.000109331	
4.53	-0.000210437 0.0176388 -0.000109333	
4.54	-0.000210438 0.0176388 -0.000109335	
4.55	-0.000210439 0.0176388 -0.000109337	
4.56	-0.000210441 0.0176388 -0.000109339	
4.57	-0.000210442 0.0176388 -0.000109341	
4.58	-0.000210443 0.0176388 -0.000109343	
4.59	-0.000210444 0.0176388 -0.000109346	
4.6	-0.000210445 0.0176388 -0.000109348	
4.61	-0.000210447 0.0176388 -0.000109351	
4.62	-0.000210448 0.0176388 -0.000109354	
4.63	-0.000210449 0.0176388 -0.000109357	
4.64	-0.00021045 0.0176388 -0.00010936	
4.65	-0.000210451 0.0176388 -0.000109363	
4.66	-0.000210452 0.0176388 -0.000109366	
4.67	-0.000210453 0.0176388 -0.00010937	
4.68	-0.000210454 0.0176388 -0.000109373	
4.69	-0.000210455 0.0176388 -0.000109377	
4.7	-0.000210456 0.0176388 -0.000109381	
4.71	-0.000210457 0.0176388 -0.000109385	
4.72	-0.000210458 0.0176388 -0.000109388	
4.73	-0.000210459 0.0176388 -0.000109393	
4.74	-0.00021046 0.0176388 -0.000109397	
4.75	-0.000210461 0.0176388 -0.000109401	
4.76	-0.000210462 0.0176388 -0.000109405	
4.77	-0.000210463 0.0176388 -0.00010941	
4.78	-0.000210464 0.0176388 -0.000109414	
4.79	-0.000210465 0.0176388 -0.000109419	
4.8	-0.000210466 0.0176388 -0.000109424	
4.81	-0.000210467 0.0176388 -0.000109428	
4.82	-0.000210467 0.0176388 -0.000109433	
4.83	-0.000210468 0.0176388 -0.000109438	
4.84	-0.000210469 0.0176388 -0.000109443	
4.85	-0.00021047 0.0176388 -0.000109449	
4.86	-0.000210471 0.0176388 -0.000109454	
4.87	-0.000210472 0.0176388 -0.000109459	
4.88	-0.000210473 0.0176388 -0.000109464	
4.89	-0.000210474 0.0176388 -0.00010947	
4.9	-0.000210475 0.0176388 -0.000109478	
4.91	-0.000210476 0.0176388 -0.000109481	
4.92	-0.000210477 0.0176388 -0.000109488	
4.93	-0.000210478 0.0176388 -0.000109494	
4.94	-0.00021048 0.0176388 -0.000109499	
4.95	-0.000210481 0.0176388 -0.000109504	
4.96	-0.000210482 0.0176388 -0.000109509	
4.97	-0.000210483 0.0176388 -0.000109515	
4.98	-0.000210484 0.0176388 -0.00010952	
4.99	-0.000210484 0.0176388 -0.000109525	
5	-0.000210485 0.0176388 -0.000109531	
5.01	-0.000210486 0.0176388 -0.000109537	
5.02	-0.000210487 0.0176387 -0.000109543	
5.03	-0.000210487 0.0176387 -0.000109548	
5.04	-0.000210488 0.0176387 -0.000109554	
5.05	-0.000210489 0.0176387 -0.00010956	
5.06	-0.00021049 0.0176387 -0.000109567	
5.07	-0.000210491 0.0176387 -0.000109573	
5.08	-0.000210492 0.0176387 -0.000109579	
5.09	-0.000210493 0.0176387 -0.000109585	
5.1	-0.000210494 0.0176387 -0.000109592	
5.11	-0.000210495 0.0176387 -0.000109598	
5.12	-0.000210495 0.0176387 -0.000109605	
5.13	-0.000210496 0.0176387 -0.000109611	
5.14	-0.000210497 0.0176387 -0.000109618	
5.15	-0.000210498 0.0176387 -0.000109625	
5.16	-0.000210499 0.0176387 -0.000109632	
5.17	-0.0002105 0.0176387 -0.000109641	
5.18	-0.000210501 0.0176387 -0.000109646	
5.19	-0.000210503 0.0176387 -0.000109654	
5.2	-0.000210503 0.0176387 -0.000109661	
5.21	-0.000210505 0.0176387 -0.000109668	
5.22	-0.000210506 0.0176387 -0.000109674	
5.23	-0.000210507 0.0176387 -0.000109681	
5.24	-0.000210508 0.0176387 -0.000109687	
5.25	-0.000210509 0.0176387 -0.000109694	
5.26	-0.000210509 0.0176387 -0.000109701	
5.27	-0.00021051 0.0176387 -0.000109707	
5.28	-0.000210511 0.0176387 -0.000109714	
5.29	-0.000210512 0.0176387 -0.000109721	
5.3	-0.000210513 0.0176387 -0.000109731	
5.31	-0.000210514 0.0176387 -0.000109738	
5.32	-0.000210516 0.0176387 -0.000109747	
5.33	-0.000210517 0.0176387 -0.000109753	
5.34	-0.000210519 0.0176387 -0.000109758	
5.35	-0.00021052 0.0176387 -0.000109764	
5.36	-0.000210521 0.0176387 -0.000109769	
5.37	-0.000210522 0.0176387 -0.000109775	
5.38	-0.000210523 0.0176387 -0.000109781	
5.39	-0.000210524 0.0176387 -0.000109787	
5.4	-0.000210524 0.0176387 -0.000109794	
5.41	-0.000210525 0.0176386 -0.0001098	
5.42	-0.000210526 0.0176386 -0.000109807	
5.43	-0.000210527 0.0176386 -0.000109814	
5.44	-0.000210527 0.0176386 -0.00010982	
5.45	-0.000210528 0.0176386 -0.000109827	
5.46	-0.000210529 0.0176386 -0.000109834	
5.47	-0.00021053 0.0176386 -0.00010984	
5.48	-0.000210531 0.0176386 -0.000109847	
5.49	-0.000210533 0.0176386 -0.000109854	
5.5	-0.000210534 0.0176386 -0.000109861	
5.51	-0.000210535 0.0176386 -0.000109868	
5.52	-0.000210536 0.0176386 -0.000109876	
5.53	-0.000210537 0.0176386 -0.000109883	
5.54	-0.000210538 0.0176386 -0.00010989	
5.55	-0.000210539 0.0176386 -0.000109898	
5.56	-0.00021054 0.0176386 -0.000109905	
5.57	-0.000210541 0.0176386 -0.000109913	
5.58	-0.000210542 0.0176386 -0.00010992	
5.59	-0.000210543 0.0176386 -0.000109928	
5.6	-0.000210544 0.0176386 -0.000109935	
5.61	-0.000210545 0.0176386 -0.000109943	
5.62	-0.000210547 0.0176386 -0.000109951	
5.63	-0.000210548 0.0176386 -0.000109959	
5.64	-0.000210549 0.0176386 -0.000109967	
5.65	-0.00021055 0.0176386 -0.000109975	
5.66	-0.000210551 0.0176386 -0.000109983	
5.67	-0.000210553 0.0176386 -0.000109991	
5.68	-0.000210554 0.0176386 -0.00011	
5.69	-0.000210555 0.0176386 -0.000110008	
5.7	-0.000210556 0.0176386 -0.000110016	
5.71	-0.000210558 0.0176386 -0.000110025	
5.72	-0.000210559 0.0176386 -0.000110033	
5.73	-0.00021056 0.0176385 -0.000110042	
5.74	-0.000210561 0.0176385 -0.00011005	
5.75	-0.000210563 0.0176385 -0.000110059	
5.76	-0.000210564 0.0176385 -0.000110067	
5.77	-0.000210565 0.0176385 -0.000110076	
5.78	-0.000210567 0.0176385 -0.000110085	
5.79	-0.000210568 0.0176385 -0.000110094	
5.8	-0.000210569 0.0176385 -0.000110103	
5.81	-0.000210571 0.0176385 -0.000110112	
5.82	-0.000210572 0.0176385 -0.000110121	
5.83	-0.000210574 0.0176385 -0.00011013	
5.84	-0.000210575 0.0176385 -0.000110139	
5.85	-0.000210576 0.0176385 -0.000110148	
5.86	-0.000210578 0.0176385 -0.000110157	
5.87	-0.000210578 0.0176385 -0.000110161	
5.88	-0.000210579 0.0176385 -0.000110168	
5.89	-0.000210581 0.0176385 -0.000110186	
5.9	-0.000210568 0.0176385 -0.000110132	
5.91	-0.000210565 0.0176385 -0.000110128	
5.92	-0.000210555 0.0176385 -0.000110142	
5.93	-0.000210551 0.0176385 -0.00011015	
5.94	-0.000210547 0.0176385 -0.000110171	
5.95	-0.000210548 0.0176385 -0.000110167	
5.96	-0.00021055 0.0176385 -0.00011018	
5.97	-0.000210554 0.0176385 -0.000110189	
5.98	-0.000210557 0.0176385 -0.000110195	
5.99	-0.000210563 0.0176385 -0.000110203	
6	-0.000210568 0.0176385 -0.000110223	
6.01	-0.000210558 0.0176385 -0.000110164	
6.02	-0.000210558 0.0176385 -0.000110165	
6.03	-0.000210551 0.0176385 -0.000110181	
6.04	-0.000210549 0.0176386 -0.000110191	
6.05	-0.000210547 0.0176385 -0.000110204	
6.06	-0.000210553 0.0176385 -0.000110223	
6.07	-0.000210541 0.0176385 -0.000110173	
6.08	-0.000210543 0.0176386 -0.000110171	
6.09	-0.000210536 0.0176386 -0.00011019	
6.1	-0.000210538 0.0176386 -0.000110196	
6.11	-0.000210537 0.0176386 -0.000110222	
6.12	-0.000210542 0.0176386 -0.000110217	
6.13	-0.000210546 0.0176386 -0.000110233	
6.14	-0.000210553 0.0176386 -0.000110242	
6.15	-0.000210555 0.0176385 -0.000110254	
6.16	-0.000210563 0.0176385 -0.000110264	
6.17	-0.000210564 0.0176385 -0.00011027	
6.18	-0.00021057 0.0176385 -0.000110278	
6.19	-0.000210573 0.0176385 -0.000110301	
6.2	-0.000210562 0.0176385 -0.000110243	
6.21	-0.000210558 0.0176386 -0.000110242	
6.22	-0.000210551 0.0176386 -0.000110259	
6.23	-0.000210547 0.0176386 -0.000110272	
6.24	-0.000210544 0.0176386 -0.00011028	
6.25	-0.000210547 0.0176386 -0.00011029	
6.26	-0.000210548 0.0176386 -0.00011031	
6.27	-0.00021055 0.0176386 -0.000110298	
6.28	-0.000210554 0.0176386 -0.000110312	
6.29	-0.000210558 0.0176386 -0.000110327	
6.3	-0.00021055 0.0176386 -0.000110294	
6.31	-0.000210552 0.0176386 -0.000110293	
6.32	-0.000210551 0.0176386 -0.000110321	
6.33	-0.000210536 0.0176386 -0.000110257	
6.34	-0.000210531 0.0176386 -0.000110262	
6.35	-0.000210525 0.0176386 -0.000110282	
6.36	-0.00021052 0.0176386 -0.000110279	
6.37	-0.000210521 0.0176386 -0.000110294	
6.38	-0.000210524 0.0176386 -0.000110312	
6.39	-0.000210526 0.0176386 -0.000110308	
6.4	-0.000210533 0.0176386 -0.000110315	
6.41	-0.000210538 0.0176386 -0.000110336	
6.42	-0.000210537 0.0176386 -0.000110315	
6.43	-0.000210541 0.0176386 -0.00011032	
6.44	-0.000210542 0.0176386 -0.000110334	
6.45	-0.000210545 0.0176386 -0.000110347	
6.46	-0.000210549 0.0176386 -0.000110369	
6.47	-0.000210543 0.0176386 -0.000110335	
6.48	-0.000210544 0.0176386 -0.000110337	
6.49	-0.000210541 0.0176386 -0.000110351	
6.5	-0.000210542 0.0176386 -0.000110364	
6.51	-0.000210542 0.0176386 -0.000110378	
6.52	-0.000210546 0.0176386 -0.000110391	
6.53	-0.000210547 0.0176386 -0.000110394	
6.54	-0.000210552 0.0176386 -0.000110401	
6.55	-0.000210556 0.0176386 -0.000110424	
6.56	-0.000210545 0.0176386 -0.000110368	
6.57	-0.000210542 0.0176386 -0.000110365	
6.58	-0.000210536 0.0176386 -0.00011038	
6.59	-0.000210533 0.0176386 -0.00011039	
6.6	-0.000210532 0.0176386 -0.000110406	
6.61	-0.000210536 0.0176386 -0.000110417	
6.62	-0.000210536 0.0176386 -0.000110419	
6.63	-0.000210542 0.0176386 -0.000110424	
6.64	-0.000210545 0.0176386 -0.000110442	
6.65	-0.000210542 0.0176386 -0.000110415	
6.66	-0.000210543 0.0176386 -0.00011042	
6.67	-0.000210542 0.0176386 -0.000110433	
6.68	-0.000210538 0.0176386 -0.000110426	
6.69	-0.000210539 0.0176386 -0.000110434	
6.7	-0.000210539 0.0176386 -0.00011045	
6.71	-0.000210534 0.0176386 -0.000110433	
6.72	-0.000210535 0.0176386 -0.000110438	
6.73	-0.000210534 0.0176386 -0.000110454	
6.74	-0.000210531 0.0176386 -0.000110441	
6.75	-0.000210531 0.0176386 -0.000110449	
6.76	-0.000210532 0.0176386 -0.000110463	
6.77	-0.000210528 0.0176386 -0.000110449	
6.78	-0.000210529 0.0176386 -0.000110454	
6.79	-0.000210529 0.0176386 -0.00011047	
6.8	-0.000210526 0.0176386 -0.000110455	
6.81	-0.000210527 0.0176386 -0.000110462	
6.82	-0.000210527 0.0176386 -0.000110477	
6.83	-0.000210523 0.0176386 -0.000110463	
6.84	-0.000210525 0.0176386 -0.000110469	
6.85	-0.000210524 0.0176386 -0.000110484	
6.86	-0.000210521 0.0176386 -0.000110469	
6.87	-0.000210522 0.0176386 -0.000110476	
6.88	-0.000210522 0.0176386 -0.000110491	
6.89	-0.000210518 0.0176386 -0.000110476	
6.9	-0.000210519 0.0176386 -0.000110483	
6.91	-0.000210519 0.0176386 -0.000110498	
6.92	-0.000210515 0.0176386 -0.000110483	
6.93	-0.000210516 0.0176386 -0.00011049	
6.94	-0.000210515 0.0176386 -0.000110505	
6.95	-0.000210511 0.0176386 -0.00011049	
6.96	-0.000210512 0.0176386 -0.000110496	
6.97	-0.000210512 0.0176386 -0.000110511	
6.98	-0.000210508 0.0176386 -0.000110497	
6.99	-0.000210509 0.0176386 -0.000110503	
7	-0.000210509 0.0176386 -0.000110518	
7.01	-0.000210505 0.0176386 -0.000110503	
7.02	-0.000210506 0.0176386 -0.000110509	
7.03	-0.000210506 0.0176386 -0.000110524	
7.04	-0.000210502 0.0176386 -0.00011051	
7.05	-0.000210503 0.0176386 -0.000110516	
7.06	-0.000210503 0.0176386 -0.000110531	
7.07	-0.000210499 0.0176386 -0.000110517	
7.08	-0.000210499 0.0176386 -0.000110523	
7.09	-0.000210499 0.0176386 -0.000110538	
7.1	-0.000210495 0.0176386 -0.000110523	
7.11	-0.000210496 0.0176386 -0.000110529	
7.12	-0.000210496 0.0176386 -0.000110544	
7.13	-0.000210492 0.0176386 -0.00011053	
7.14	-0.000210492 0.0176386 -0.000110536	
7.15	-0.000210492 0.0176386 -0.000110551	
7.16	-0.000210488 0.0176386 -0.000110536	
7.17	-0.000210489 0.0176387 -0.000110543	
7.18	-0.000210489 0.0176386 -0.000110557	
7.19	-0.000210485 0.0176386 -0.000110543	
7.2	-0.000210485 0.0176387 -0.000110549	
7.21	-0.000210485 0.0176387 -0.000110564	
7.22	-0.000210481 0.0176387 -0.000110549	
7.23	-0.000210482 0.0176387 -0.000110556	
7.24	-0.000210482 0.0176387 -0.00011057	
7.25	-0.000210478 0.0176387 -0.000110556	
7.26	-0.000210478 0.0176387 -0.000110562	
7.27	-0.000210478 0.0176387 -0.000110577	
7.28	-0.000210474 0.0176387 -0.000110563	
7.29	-0.000210475 0.0176387 -0.000110569	
7.3	-0.000210474 0.0176387 -0.000110583	
7.31	-0.000210471 0.0176387 -0.000110569	
7.32	-0.000210471 0.0176387 -0.000110576	
7.33	-0.000210471 0.0176387 -0.00011059	
7.34	-0.000210467 0.0176387 -0.000110576	
7.35	-0.000210467 0.0176387 -0.000110582	
7.36	-0.000210467 0.0176387 -0.000110596	
7.37	-0.000210463 0.0176387 -0.000110582	
7.38	-0.000210464 0.0176387 -0.000110588	
7.39	-0.000210463 0.0176387 -0.000110603	
7.4	-0.000210459 0.0176387 -0.000110589	
7.41	-0.00021046 0.0176387 -0.000110595	
7.42	-0.00021046 0.0176387 -0.000110609	
7.43	-0.000210456 0.0176387 -0.000110595	
7.44	-0.000210456 0.0176387 -0.000110601	
7.45	-0.000210456 0.0176387 -0.000110615	
7.46	-0.000210452 0.0176387 -0.000110601	
7.47	-0.000210452 0.0176387 -0.000110607	
7.48	-0.000210452 0.0176387 -0.000110622	
7.49	-0.000210448 0.0176387 -0.000110608	
7.5	-0.000210449 0.0176387 -0.000110614	
7.51	-0.000210448 0.0176387 -0.000110628	
7.52	-0.000210444 0.0176387 -0.00011061	
7.53	-0.000210444 0.0176387 -0.000110619	
7.54	-0.000210446 0.0176387 -0.000110641	
7.55	-0.000210432 0.0176387 -0.000110581	
7.56	-0.000210428 0.0176387 -0.00011058	
7.57	-0.000210421 0.0176387 -0.000110596	
7.58	-0.00021042 0.0176387 -0.000110605	
7.59	-0.00021042 0.0176387 -0.000110624	
7.6	-0.000210424 0.0176387 -0.000110625	
7.61	-0.000210429 0.0176387 -0.000110639	
7.62	-0.000210436 0.0176387 -0.000110651	
7.63	-0.00021043 0.0176387 -0.000110618	
7.64	-0.000210433 0.0176387 -0.000110618	
7.65	-0.000210429 0.0176387 -0.000110637	
7.66	-0.000210424 0.0176387 -0.000110612	
7.67	-0.000210421 0.0176387 -0.000110625	
7.68	-0.00021042 0.0176387 -0.000110638	
7.69	-0.000210413 0.0176387 -0.000110625	
7.7	-0.000210415 0.0176387 -0.000110632	
7.71	-0.000210413 0.0176387 -0.000110651	
7.72	-0.000210409 0.0176387 -0.000110629	
7.73	-0.00021041 0.0176387 -0.000110639	
7.74	-0.00021041 0.0176387 -0.000110654	
7.75	-0.000210406 0.0176387 -0.000110638	
7.76	-0.000210407 0.0176387 -0.000110646	
7.77	-0.000210407 0.0176387 -0.000110662	
7.78	-0.000210403 0.0176387 -0.000110643	
7.79	-0.000210404 0.0176387 -0.000110651	
7.8	-0.000210404 0.0176387 -0.000110666	
7.81	-0.000210399 0.0176387 -0.000110649	
7.82	-0.0002104 0.0176387 -0.000110658	
7.83	-0.0002104 0.0176387 -0.000110673	
7.84	-0.000210395 0.0176387 -0.000110655	
7.85	-0.000210396 0.0176387 -0.000110663	
7.86	-0.000210396 0.0176387 -0.000110679	
7.87	-0.000210391 0.0176387 -0.000110661	
7.88	-0.000210392 0.0176387 -0.00011067	
7.89	-0.000210392 0.0176387 -0.000110685	
7.9	-0.000210387 0.0176387 -0.000110667	
7.91	-0.000210388 0.0176387 -0.000110675	
7.92	-0.000210388 0.0176387 -0.000110691	
7.93	-0.000210383 0.0176387 -0.000110673	
7.94	-0.000210384 0.0176387 -0.000110679	
7.95	-0.000210384 0.0176387 -0.000110699	
7.96	-0.000210372 0.0176387 -0.000110655	
7.97	-0.00021037 0.0176388 -0.000110654	
7.98	-0.000210365 0.0176388 -0.000110673	
7.99	-0.000210361 0.0176388 -0.000110665	
8	-0.000210361 0.0176388 -0.000110677	
8.01	-0.000210363 0.0176388 -0.000110694	
8.02	-0.000210358 0.0176388 -0.00011067	
8.03	-0.00021036 0.0176388 -0.000110674	
8.04	-0.00021036 0.0176388 -0.000110691	
8.05	-0.000210364 0.0176388 -0.0001107	
8.06	-0.000210365 0.0176388 -0.00011071	
8.07	-0.000210371 0.0176388 -0.000110715	
8.08	-0.000210374 0.0176387 -0.000110734	
8.09	-0.000210373 0.0176387 -0.00011071	
8.1	-0.000210373 0.0176387 -0.000110715	
8.11	-0.000210372 0.0176387 -0.000110726	
8.12	-0.00021037 0.0176387 -0.000110731	
8.13	-0.000210371 0.0176387 -0.000110744	
8.14	-0.00021037 0.0176387 -0.000110748	
8.15	-0.000210372 0.0176387 -0.00011076	
8.16	-0.00021037 0.0176387 -0.000110759	
8.17	-0.000210372 0.0176387 -0.000110765	
8.18	-0.000210374 0.0176387 -0.000110786	
8.19	-0.000210359 0.0176387 -0.000110722	
8.2	-0.000210353 0.0176388 -0.000110719	
8.21	-0.000210344 0.0176388 -0.000110735	
8.22	-0.00021034 0.0176388 -0.000110737	
8.23	-0.000210338 0.0176388 -0.000110757	
8.24	-0.00021034 0.0176388 -0.000110758	
8.25	-0.000210343 0.0176388 -0.000110773	
8.26	-0.000210348 0.0176388 -0.000110777	
8.27	-0.000210355 0.0176388 -0.000110798	
8.28	-0.000210345 0.0176388 -0.000110735	
8.29	-0.000210342 0.0176388 -0.000110733	
8.3	-0.000210336 0.0176388 -0.000110748	
8.31	-0.000210333 0.0176388 -0.00011075	
8.32	-0.000210333 0.0176388 -0.000110769	
8.33	-0.000210334 0.0176388 -0.000110772	
8.34	-0.000210337 0.0176388 -0.000110786	
8.35	-0.00021034 0.0176388 -0.000110788	
8.36	-0.000210344 0.0176388 -0.000110799	
8.37	-0.000210347 0.0176388 -0.000110802	
8.38	-0.000210349 0.0176388 -0.000110814	
8.39	-0.000210346 0.0176388 -0.0001108	
8.4	-0.000210347 0.0176388 -0.000110804	
8.41	-0.000210347 0.0176388 -0.000110825	
8.42	-0.000210331 0.0176388 -0.000110763	
8.43	-0.000210323 0.0176388 -0.000110762	
8.44	-0.000210315 0.0176388 -0.000110779	
8.45	-0.00021031 0.0176388 -0.000110782	
8.46	-0.000210309 0.0176388 -0.000110802	
8.47	-0.000210311 0.0176388 -0.000110804	
8.48	-0.000210315 0.0176388 -0.000110818	
8.49	-0.000210321 0.0176388 -0.000110823	
8.5	-0.000210326 0.0176388 -0.000110839	
8.51	-0.000210322 0.0176388 -0.000110804	
8.52	-0.000210322 0.0176388 -0.000110804	
8.53	-0.000210321 0.0176388 -0.000110824	
8.54	-0.000210308 0.0176388 -0.000110777	
8.55	-0.000210303 0.0176388 -0.000110782	
8.56	-0.000210298 0.0176388 -0.000110795	
8.57	-0.000210297 0.0176388 -0.000110813	
8.58	-0.000210288 0.0176388 -0.000110784	
8.59	-0.000210289 0.0176389 -0.000110782	
8.6	-0.000210287 0.0176388 -0.000110798	
8.61	-0.000210291 0.0176389 -0.000110808	
8.62	-0.000210289 0.0176388 -0.000110806	
8.63	-0.000210295 0.0176389 -0.000110806	
8.64	-0.000210297 0.0176388 -0.000110821	
8.65	-0.000210304 0.0176388 -0.000110826	
8.66	-0.000210307 0.0176388 -0.000110843	
8.67	-0.000210309 0.0176388 -0.000110827	
8.68	-0.00021031 0.0176388 -0.000110833	
8.69	-0.000210312 0.0176388 -0.000110841	
8.7	-0.000210312 0.0176388 -0.000110854	
8.71	-0.000210309 0.0176388 -0.000110841	
8.72	-0.000210309 0.0176388 -0.000110845	
8.73	-0.000210307 0.0176388 -0.000110856	
8.74	-0.000210306 0.0176388 -0.000110857	
8.75	-0.000210306 0.0176388 -0.000110866	
8.76	-0.000210308 0.0176388 -0.000110882	
8.77	-0.000210297 0.0176388 -0.000110838	
8.78	-0.000210294 0.0176389 -0.000110834	
8.79	-0.000210288 0.0176389 -0.000110847	
8.8	-0.000210289 0.0176389 -0.000110862	
8.81	-0.000210275 0.0176389 -0.000110821	
8.82	-0.000210273 0.0176389 -0.000110814	
8.83	-0.000210267 0.0176389 -0.000110831	
8.84	-0.00021027 0.0176389 -0.000110838	
8.85	-0.000210269 0.0176389 -0.000110849	
8.86	-0.000210276 0.0176389 -0.00011085	
8.87	-0.000210279 0.0176389 -0.000110871	
8.88	-0.000210279 0.0176389 -0.00011084	
8.89	-0.00021028 0.0176389 -0.000110845	
8.9	-0.000210282 0.0176389 -0.000110855	
8.91	-0.000210281 0.0176389 -0.000110855	
8.92	-0.000210283 0.0176389 -0.000110862	
8.93	-0.000210284 0.0176389 -0.000110878	
8.94	-0.000210281 0.0176389 -0.000110858	
8.95	-0.000210281 0.0176389 -0.000110861	
8.96	-0.00021028 0.0176389 -0.000110876	
8.97	-0.000210276 0.0176389 -0.000110865	
8.98	-0.000210276 0.0176389 -0.000110872	
8.99	-0.000210276 0.0176389 -0.000110886	
9	-0.000210272 0.0176389 -0.000110874	
9.01	-0.000210273 0.0176389 -0.000110878	
9.02	-0.000210273 0.0176389 -0.000110893	
9.03	-0.00021027 0.0176389 -0.000110877	
9.04	-0.00021027 0.0176389 -0.000110883	
9.05	-0.000210271 0.0176389 -0.000110897	
9.06	-0.000210267 0.0176389 -0.000110884	
9.07	-0.000210268 0.0176389 -0.000110888	
9.08	-0.000210268 0.0176389 -0.000110903	
9.09	-0.000210265 0.0176389 -0.000110888	
9.1	-0.000210266 0.0176389 -0.000110893	
9.11	-0.000210266 0.0176389 -0.000110907	
9.12	-0.000210263 0.0176389 -0.000110894	
9.13	-0.000210264 0.0176389 -0.000110898	
9.14	-0.000210264 0.0176389 -0.000110908	
9.15	-0.000210268 0.0176389 -0.000110926	
9.16	-0.000210257 0.0176389 -0.00011088	
9.17	-0.000210255 0.0176389 -0.000110875	
9.18	-0.00021025 0.0176389 -0.000110889	
9.19	-0.00021025 0.0176389 -0.000110897	
9.2	-0.000210249 0.0176389 -0.00011091	
9.21	-0.000210254 0.0176389 -0.000110917	
9.22	-0.000210256 0.0176389 -0.000110924	
9.23	-0.000210263 0.0176389 -0.00011093	
9.24	-0.000210266 0.0176389 -0.00011094	
9.25	-0.000210272 0.0176389 -0.000110946	
9.26	-0.000210271 0.0176389 -0.000110941	
9.27	-0.000210275 0.0176389 -0.000110944	
9.28	-0.000210274 0.0176389 -0.00011096	
9.29	-0.000210267 0.0176389 -0.000110929	
9.3	-0.000210264 0.0176389 -0.000110932	
9.31	-0.00021026 0.0176389 -0.000110941	
9.32	-0.000210257 0.0176389 -0.000110952	
9.33	-0.000210255 0.0176389 -0.000110952	
9.34	-0.000210255 0.0176389 -0.000110955	
9.35	-0.000210256 0.0176389 -0.00011097	
9.36	-0.000210249 0.0176389 -0.000110939	
9.37	-0.000210248 0.0176389 -0.00011094	
9.38	-0.000210246 0.0176389 -0.000110955	
9.39	-0.000210239 0.0176389 -0.000110929	
9.4	-0.000210237 0.0176389 -0.000110933	
9.41	-0.000210236 0.0176389 -0.000110947	
9.42	-0.000210234 0.0176389 -0.000110941	
9.43	-0.000210236 0.0176389 -0.000110948	
9.44	-0.000210238 0.0176389 -0.000110962	
9.45	-0.000210237 0.0176389 -0.000110948	
9.46	-0.00021024 0.0176389 -0.000110951	
9.47	-0.000210241 0.0176389 -0.000110965	
9.48	-0.000210239 0.0176389 -0.00011095	
9.49	-0.00021024 0.0176389 -0.000110955	
9.5	-0.000210241 0.0176389 -0.000110968	
9.51	-0.000210237 0.0176389 -0.000110956	
9.52	-0.000210238 0.0176389 -0.000110961	
9.53	-0.000210238 0.0176389 -0.000110975	
9.54	-0.000210235 0.0176389 -0.000110961	
9.55	-0.000210235 0.0176389 -0.000110966	
9.56	-0.000210235 0.0176389 -0.000110976	
9.57	-0.000210237 0.0176389 -0.000110991	
9.58	-0.000210229 0.0176389 -0.000110957	
9.59	-0.000210229 0.017639 -0.000110958	
9.6	-0.000210226 0.017639 -0.000110976	
9.61	-0.00021022 0.017639 -0.000110952	
9.62	-0.000210219 0.017639 -0.000110964	
9.63	-0.000210219 0.017639 -0.000110971	
9.64	-0.000210221 0.017639 -0.000110982	
9.65	-0.000210225 0.017639 -0.000110992	
9.66	-0.000210229 0.017639 -0.000110998	
9.67	-0.000210234 0.0176389 -0.000111006	
9.68	-0.000210239 0.0176389 -0.000111017	
9.69	-0.000210237 0.0176389 -0.000110995	
9.7	-0.000210238 0.0176389 -0.000110998	
9.71	-0.000210236 0.0176389 -0.000111011	
9.72	-0.000210231 0.0176389 -0.000110994	
9.73	-0.000210229 0.017639 -0.000111003	
9.74	-0.000210228 0.017639 -0.000111014	
9.75	-0.000210223 0.017639 -0.000111003	
9.76	-0.000210223 0.017639 -0.000111011	
9.77	-0.000210222 0.017639 -0.000111024	
9.78	-0.000210219 0.017639 -0.000111008	
9.79	-0.000210219 0.017639 -0.000111016	
9.8	-0.000210219 0.017639 -0.000111027	
9.81	-0.000210216 0.017639 -0.000111014	
9.82	-0.000210218 0.017639 -0.00011102	
9.83	-0.000210218 0.017639 -0.000111028	
9.84	-0.000210221 0.017639 -0.000111043	
9.85	-0.000210212 0.017639 -0.000111005	
9.86	-0.000210211 0.017639 -0.000111003	
9.87	-0.000210207 0.017639 -0.000111021	
9.88	-0.000210201 0.017639 -0.000111	
9.89	-0.000210199 0.017639 -0.00011101	
9.9	-0.000210199 0.017639 -0.000111018	
9.91	-0.000210201 0.017639 -0.00011103	
9.92	-0.000210205 0.017639 -0.000111042	
9.93	-0.000210206 0.017639 -0.000111035	
9.94	-0.00021021 0.017639 -0.000111038	
9.95	-0.000210212 0.017639 -0.000111049	
9.96	-0.000210215 0.017639 -0.000111054	
9.97	-0.000210219 0.017639 -0.000111072	
9.98	-0.000210211 0.017639 -0.000111026	
9.99	-0.000210208 0.017639 -0.000111025	
10	-0.000210202 0.017639 -0.000111036	
10.01	-0.0002102 0.017639 -0.000111043	
10.02	-0.0002102 0.017639 -0.000111062	
10.03	-0.000210197 0.017639 -0.000111045	
10.04	-0.000210197 0.017639 -0.000111051	
10.05	-0.000210198 0.017639 -0.000111059	
10.06	-0.0002102 0.017639 -0.000111071	
10.07	-0.0002102 0.017639 -0.000111064	
10.08	-0.000210202 0.017639 -0.000111069	
10.09	-0.000210204 0.017639 -0.00011108	
10.1	-0.000210204 0.017639 -0.000111076	
10.11	-0.000210205 0.017639 -0.000111083	
10.12	-0.000210207 0.017639 -0.000111093	
10.13	-0.000210203 0.017639 -0.000111078	
10.14	-0.000210203 0.017639 -0.000111084	
10.15	-0.000210203 0.017639 -0.000111102	
10.16	-0.000210191 0.017639 -0.000111052	
10.17	-0.000210186 0.017639 -0.000111054	
10.18	-0.000210181 0.017639 -0.000111066	
10.19	-0.000210179 0.017639 -0.000111074	
10.2	-0.00021018 0.017639 -0.000111092	
10.21	-0.000210178 0.017639 -0.000111072	
10.22	-0.000210181 0.017639 -0.00011108	
10.23	-0.000210183 0.017639 -0.000111091	
10.24	-0.000210184 0.017639 -0.000111088	
10.25	-0.000210187 0.017639 -0.000111094	
10.26	-0.00021019 0.017639 -0.000111104	
10.27	-0.000210192 0.017639 -0.000111107	
10.28	-0.000210195 0.017639 -0.000111115	
10.29	-0.000210198 0.017639 -0.000111125	
10.3	-0.000210195 0.017639 -0.000111109	
10.31	-0.000210195 0.017639 -0.000111114	
10.32	-0.000210196 0.017639 -0.000111132	
10.33	-0.000210183 0.017639 -0.000111081	
10.34	-0.000210177 0.017639 -0.00011108	
10.35	-0.000210171 0.0176391 -0.000111097	
10.36	-0.000210163 0.0176391 -0.000111083	
10.37	-0.000210161 0.0176391 -0.000111095	
10.38	-0.000210161 0.0176391 -0.000111103	
10.39	-0.000210164 0.0176391 -0.00011112	
10.4	-0.00021016 0.0176391 -0.000111094	
10.41	-0.000210163 0.0176391 -0.000111095	
10.42	-0.000210164 0.0176391 -0.000111111	
10.43	-0.000210163 0.0176391 -0.000111098	
10.44	-0.000210165 0.0176391 -0.000111108	
10.45	-0.000210167 0.0176391 -0.000111115	
10.46	-0.00021017 0.0176391 -0.00011113	
10.47	-0.000210166 0.0176391 -0.000111105	
10.48	-0.000210167 0.0176391 -0.000111106	
10.49	-0.000210165 0.0176391 -0.000111118	
10.5	-0.000210167 0.0176391 -0.000111132	
10.51	-0.000210159 0.0176391 -0.000111107	
10.52	-0.00021016 0.0176391 -0.000111106	
10.53	-0.000210157 0.0176391 -0.000111124	
10.54	-0.000210156 0.0176391 -0.000111119	
10.55	-0.000210157 0.0176391 -0.000111133	
10.56	-0.00021016 0.0176391 -0.000111138	
10.57	-0.000210164 0.0176391 -0.00011116	
10.58	-0.000210156 0.0176391 -0.000111108	
10.59	-0.000210154 0.0176391 -0.00011111	
10.6	-0.00021015 0.0176391 -0.000111121	
10.61	-0.00021015 0.0176391 -0.000111129	
10.62	-0.00021015 0.0176391 -0.000111141	
10.63	-0.000210155 0.0176391 -0.000111152	
10.64	-0.000210153 0.0176391 -0.00011114	
10.65	-0.000210157 0.0176391 -0.00011114	
10.66	-0.000210157 0.0176391 -0.000111153	
10.67	-0.000210161 0.0176391 -0.000111165	
10.68	-0.000210151 0.0176391 -0.000111129	
10.69	-0.000210152 0.0176391 -0.00011113	
10.7	-0.000210146 0.0176391 -0.000111141	
10.71	-0.000210147 0.0176391 -0.000111147	
10.72	-0.000210146 0.0176391 -0.000111164	
10.73	-0.000210151 0.0176391 -0.000111169	
10.74	-0.000210152 0.0176391 -0.000111177	
10.75	-0.000210159 0.0176391 -0.000111187	
10.76	-0.000210152 0.0176391 -0.000111163	
10.77	-0.000210154 0.0176391 -0.000111162	
10.78	-0.00021015 0.0176391 -0.000111174	
10.79	-0.000210154 0.0176391 -0.000111188	
10.8	-0.000210139 0.0176391 -0.00011114	
10.81	-0.000210137 0.0176391 -0.000111138	
10.82	-0.000210128 0.0176391 -0.000111154	
10.83	-0.000210129 0.0176391 -0.000111161	
10.84	-0.000210126 0.0176391 -0.000111169	
10.85	-0.000210131 0.0176391 -0.00011117	
10.86	-0.000210133 0.0176391 -0.000111192	
10.87	-0.000210132 0.0176391 -0.000111159	
10.88	-0.000210131 0.0176391 -0.000111163	
10.89	-0.000210133 0.0176391 -0.000111175	
10.9	-0.00021013 0.0176391 -0.000111171	
10.91	-0.000210133 0.0176391 -0.000111185	
10.92	-0.000210132 0.0176391 -0.000111185	
10.93	-0.000210136 0.0176391 -0.000111191	
10.94	-0.000210137 0.0176391 -0.000111208	
10.95	-0.000210131 0.0176391 -0.000111174	
10.96	-0.00021013 0.0176391 -0.000111178	
10.97	-0.000210128 0.0176391 -0.000111191	
10.98	-0.000210128 0.0176391 -0.000111199	
10.99	-0.000210129 0.0176391 -0.000111216	
11	-0.000210129 0.0176391 -0.000111203	
11.01	-0.00021013 0.0176391 -0.00011121	
11.02	-0.000210132 0.0176391 -0.000111218	
11.03	-0.000210134 0.0176391 -0.000111231	
11.04	-0.000210132 0.0176391 -0.00011122	
