# Gnuplot File : positions of 1 particle(s) Monitored
# 1st Column : time, others : particle(s) number 97 
0.00	-0.00013563 0.015 -6.63758e-05
0.01	-0.000135608 0.0151512 -6.60723e-05	
0.02	-0.000133472 0.0153747 -6.38351e-05	
0.03	-0.000130659 0.0156316 -6.30564e-05	
0.04	-0.00012893 0.0158934 -6.38942e-05	
0.05	-0.000127535 0.0161526 -6.58488e-05	
0.06	-0.000129437 0.0163917 -7.14738e-05	
0.07	-0.000135236 0.0166041 -7.96086e-05	
0.08	-0.000142176 0.0167845 -9.06127e-05	
0.09	-0.000149599 0.0169311 -0.000102664	
0.1	-0.000156766 0.0170462 -0.000115249	
0.11	-0.000163594 0.0171332 -0.000127025	
0.12	-0.000169932 0.0171965 -0.000137045	
0.13	-0.000175709 0.0172407 -0.000144636	
0.14	-0.000180936 0.0172699 -0.000149608	
0.15	-0.000185609 0.0172879 -0.000152065	
0.16	-0.00018971 0.0172977 -0.000152325	
0.17	-0.00019322 0.017302 -0.000150738	
0.18	-0.000196138 0.0173029 -0.000147691	
0.19	-0.000198479 0.0173017 -0.000143675	
0.2	-0.000200252 0.0172998 -0.000139082	
0.21	-0.000201413 0.0172979 -0.000134317	
0.22	-0.000201977 0.0172965 -0.000129675	
0.23	-0.000201991 0.0172958 -0.000125366	
0.24	-0.000201529 0.017296 -0.000121521	
0.25	-0.000200681 0.017297 -0.000118207	
0.26	-0.000199548 0.0172988 -0.00011544	
0.27	-0.000198226 0.0173011 -0.000113199	
0.28	-0.000196804 0.0173038 -0.000111438	
0.29	-0.000195358 0.0173068 -0.000110094	
0.3	-0.00019395 0.0173099 -0.0001091	
0.31	-0.000192627 0.017313 -0.000108388	
0.32	-0.000191422 0.017316 -0.000107894	
0.33	-0.000190363 0.0173188 -0.000107557	
0.34	-0.000189454 0.0173213 -0.000107341	
0.35	-0.000188688 0.0173236 -0.000107197	
0.36	-0.000188061 0.0173257 -0.000107098	
0.37	-0.000187551 0.0173274 -0.000107024	
0.38	-0.000187143 0.017329 -0.000106955	
0.39	-0.000186821 0.0173303 -0.000106884	
0.4	-0.000186567 0.0173315 -0.000106806	
0.41	-0.000186367 0.0173325 -0.000106721	
0.42	-0.000186207 0.0173334 -0.00010663	
0.43	-0.000186077 0.0173342 -0.000106535	
0.44	-0.000185968 0.0173349 -0.00010644	
0.45	-0.000185872 0.0173356 -0.000106349	
0.46	-0.000185784 0.0173362 -0.000106264	
0.47	-0.000185701 0.0173368 -0.000106188	
0.48	-0.000185622 0.0173374 -0.000106124	
0.49	-0.000185544 0.0173379 -0.000106072	
0.5	-0.000185468 0.0173385 -0.000106033	
0.51	-0.000185394 0.017339 -0.000106008	
0.52	-0.000185323 0.0173395 -0.000105996	
0.53	-0.000185255 0.01734 -0.000105996	
0.54	-0.00018519 0.0173405 -0.000106008	
0.55	-0.000185131 0.017341 -0.00010603	
0.56	-0.000185077 0.0173415 -0.000106061	
0.57	-0.000185029 0.017342 -0.0001061	
0.58	-0.000184986 0.0173424 -0.000106146	
0.59	-0.000184949 0.0173429 -0.000106196	
0.6	-0.000184918 0.0173433 -0.000106251	
0.61	-0.000184893 0.0173437 -0.000106309	
0.62	-0.000184873 0.0173441 -0.000106369	
0.63	-0.000184857 0.0173445 -0.00010643	
0.64	-0.000184846 0.0173448 -0.000106492	
0.65	-0.000184838 0.0173452 -0.000106554	
0.66	-0.000184833 0.0173455 -0.000106615	
0.67	-0.000184832 0.0173458 -0.000106675	
0.68	-0.000184832 0.0173461 -0.000106733	
0.69	-0.000184835 0.0173463 -0.00010679	
0.7	-0.000184839 0.0173466 -0.000106845	
0.71	-0.000184845 0.0173468 -0.000106897	
0.72	-0.000184851 0.0173471 -0.000106947	
0.73	-0.000184858 0.0173473 -0.000106994	
0.74	-0.000184866 0.0173475 -0.000107039	
0.75	-0.000184874 0.0173476 -0.00010708	
0.76	-0.000184879 0.0173478 -0.000107121	
0.77	-0.000184884 0.017348 -0.000107157	
0.78	-0.000184893 0.0173481 -0.00010719	
0.79	-0.000184898 0.0173483 -0.000107223	
0.8	-0.000184904 0.0173484 -0.00010725	
0.81	-0.000184911 0.0173485 -0.000107276	
0.82	-0.000184917 0.0173486 -0.000107298	
0.83	-0.000184924 0.0173487 -0.000107319	
0.84	-0.000184931 0.0173488 -0.000107335	
0.85	-0.000184938 0.0173489 -0.000107351	
0.86	-0.000184946 0.0173489 -0.000107363	
0.87	-0.000184953 0.017349 -0.000107373	
0.88	-0.000184961 0.0173491 -0.000107381	
0.89	-0.000184968 0.0173491 -0.000107388	
0.9	-0.000184976 0.0173492 -0.000107391	
0.91	-0.000184983 0.0173492 -0.000107394	
0.92	-0.000184991 0.0173493 -0.000107394	
0.93	-0.000184998 0.0173493 -0.000107394	
0.94	-0.000185006 0.0173493 -0.000107392	
0.95	-0.000185014 0.0173494 -0.000107389	
0.96	-0.000185022 0.0173494 -0.000107384	
0.97	-0.000185029 0.0173494 -0.00010738	
0.98	-0.000185037 0.0173494 -0.000107373	
0.99	-0.000185045 0.0173494 -0.000107367	
1	-0.000185053 0.0173495 -0.000107359	
1.01	-0.000185061 0.0173495 -0.000107352	
1.02	-0.00018507 0.0173495 -0.000107344	
1.03	-0.000185078 0.0173495 -0.000107336	
1.04	-0.000185086 0.0173495 -0.000107327	
1.05	-0.000185094 0.0173495 -0.000107319	
1.06	-0.000185103 0.0173495 -0.00010731	
1.07	-0.000185111 0.0173496 -0.000107302	
1.08	-0.00018512 0.0173496 -0.000107293	
1.09	-0.000185129 0.0173496 -0.000107285	
1.1	-0.000185137 0.0173496 -0.000107277	
1.11	-0.000185146 0.0173496 -0.000107269	
1.12	-0.000185155 0.0173496 -0.000107261	
1.13	-0.000185163 0.0173496 -0.000107255	
1.14	-0.000185171 0.0173496 -0.000107248	
1.15	-0.00018518 0.0173496 -0.000107242	
1.16	-0.000185188 0.0173496 -0.000107236	
1.17	-0.000185196 0.0173496 -0.000107231	
1.18	-0.000185204 0.0173497 -0.000107226	
1.19	-0.000185212 0.0173497 -0.000107222	
1.2	-0.00018522 0.0173497 -0.000107217	
1.21	-0.000185227 0.0173497 -0.000107215	
1.22	-0.000185235 0.0173497 -0.000107211	
1.23	-0.000185242 0.0173497 -0.000107209	
1.24	-0.000185249 0.0173497 -0.000107207	
1.25	-0.000185256 0.0173497 -0.000107206	
1.26	-0.000185263 0.0173497 -0.000107205	
1.27	-0.000185269 0.0173497 -0.000107205	
1.28	-0.000185275 0.0173497 -0.000107204	
1.29	-0.000185281 0.0173498 -0.000107206	
1.3	-0.000185287 0.0173498 -0.000107206	
1.31	-0.000185292 0.0173498 -0.000107208	
1.32	-0.000185298 0.0173498 -0.000107208	
1.33	-0.000185302 0.0173498 -0.000107212	
1.34	-0.000185306 0.0173498 -0.000107214	
1.35	-0.00018531 0.0173498 -0.000107217	
1.36	-0.000185314 0.0173498 -0.00010722	
1.37	-0.000185317 0.0173498 -0.000107224	
1.38	-0.00018532 0.0173498 -0.000107227	
1.39	-0.000185322 0.0173498 -0.000107231	
1.4	-0.000185323 0.0173498 -0.000107235	
1.41	-0.000185324 0.0173498 -0.00010724	
1.42	-0.000185325 0.0173498 -0.000107244	
1.43	-0.000185326 0.0173498 -0.000107249	
1.44	-0.000185326 0.0173498 -0.000107254	
1.45	-0.000185326 0.0173498 -0.00010726	
1.46	-0.000185327 0.0173499 -0.000107264	
1.47	-0.000185327 0.0173499 -0.00010727	
1.48	-0.000185326 0.0173499 -0.000107276	
1.49	-0.000185324 0.0173499 -0.000107282	
1.5	-0.000185323 0.0173499 -0.000107286	
1.51	-0.000185322 0.0173499 -0.000107293	
1.52	-0.000185321 0.0173499 -0.000107298	
1.53	-0.00018532 0.0173499 -0.000107304	
1.54	-0.000185318 0.0173499 -0.000107309	
1.55	-0.000185316 0.0173499 -0.000107315	
1.56	-0.000185314 0.0173499 -0.00010732	
1.57	-0.000185311 0.0173499 -0.000107326	
1.58	-0.000185309 0.0173499 -0.00010733	
1.59	-0.000185306 0.0173499 -0.000107336	
1.6	-0.000185303 0.0173499 -0.000107341	
1.61	-0.0001853 0.0173499 -0.000107347	
1.62	-0.000185297 0.0173499 -0.000107351	
1.63	-0.000185293 0.0173499 -0.000107357	
1.64	-0.00018529 0.0173499 -0.000107361	
1.65	-0.000185286 0.0173499 -0.000107366	
1.66	-0.000185282 0.0173499 -0.00010737	
1.67	-0.000185278 0.0173499 -0.000107375	
1.68	-0.000185274 0.0173499 -0.000107378	
1.69	-0.00018527 0.0173499 -0.000107383	
1.7	-0.000185266 0.0173499 -0.000107386	
1.71	-0.000185262 0.0173499 -0.00010739	
1.72	-0.000185258 0.0173499 -0.000107393	
1.73	-0.000185254 0.0173499 -0.000107397	
1.74	-0.00018525 0.0173499 -0.000107399	
1.75	-0.000185245 0.0173499 -0.000107403	
1.76	-0.000185241 0.0173499 -0.000107405	
1.77	-0.000185237 0.0173499 -0.000107408	
1.78	-0.000185233 0.0173499 -0.000107409	
1.79	-0.000185228 0.0173499 -0.000107412	
1.8	-0.000185225 0.0173499 -0.000107413	
1.81	-0.00018522 0.0173499 -0.000107416	
1.82	-0.000185216 0.0173499 -0.000107417	
1.83	-0.000185212 0.0173499 -0.000107418	
1.84	-0.000185208 0.0173499 -0.000107419	
1.85	-0.000185204 0.0173499 -0.00010742	
1.86	-0.0001852 0.0173499 -0.00010742	
1.87	-0.000185196 0.0173499 -0.000107421	
1.88	-0.000185193 0.0173499 -0.000107421	
1.89	-0.000185189 0.0173499 -0.000107422	
1.9	-0.000185185 0.0173499 -0.000107421	
1.91	-0.000185181 0.0173499 -0.000107422	
1.92	-0.000185178 0.0173499 -0.000107421	
1.93	-0.000185177 0.0173498 -0.000107419	
1.94	-0.000185173 0.0173498 -0.00010742	
1.95	-0.000185169 0.0173498 -0.000107418	
1.96	-0.000185165 0.0173498 -0.000107418	
1.97	-0.000185162 0.0173498 -0.000107416	
1.98	-0.000185161 0.0173498 -0.000107414	
1.99	-0.000185157 0.0173498 -0.000107414	
2	-0.000185154 0.0173498 -0.000107411	
2.01	-0.00018515 0.0173498 -0.000107411	
2.02	-0.000185147 0.0173498 -0.000107408	
2.03	-0.000185143 0.0173498 -0.000107407	
2.04	-0.000185141 0.0173498 -0.000107405	
2.05	-0.00018514 0.0173498 -0.000107402	
2.06	-0.000185137 0.0173498 -0.000107401	
2.07	-0.000185134 0.0173498 -0.000107398	
2.08	-0.000185131 0.0173498 -0.000107397	
2.09	-0.000185128 0.0173498 -0.000107394	
2.1	-0.000185128 0.0173498 -0.000107391	
2.11	-0.000185124 0.0173498 -0.00010739	
2.12	-0.000185122 0.0173498 -0.000107386	
2.13	-0.000185119 0.0173498 -0.000107385	
2.14	-0.000185117 0.0173498 -0.000107381	
2.15	-0.000185117 0.0173498 -0.000107378	
2.16	-0.000185113 0.0173498 -0.000107377	
2.17	-0.000185111 0.0173498 -0.000107373	
2.18	-0.000185111 0.0173498 -0.00010737	
2.19	-0.000185108 0.0173498 -0.000107368	
2.2	-0.000185106 0.0173498 -0.000107365	
2.21	-0.000185105 0.0173498 -0.000107361	
2.22	-0.000185102 0.0173498 -0.00010736	
2.23	-0.0001851 0.0173498 -0.000107356	
2.24	-0.0001851 0.0173498 -0.000107353	
2.25	-0.000185096 0.0173498 -0.000107352	
2.26	-0.000185094 0.0173498 -0.000107348	
2.27	-0.000185094 0.0173498 -0.000107345	
2.28	-0.000185091 0.0173498 -0.000107344	
2.29	-0.000185089 0.0173498 -0.00010734	
2.3	-0.000185089 0.0173498 -0.000107337	
2.31	-0.000185086 0.0173498 -0.000107336	
2.32	-0.000185084 0.0173498 -0.000107332	
2.33	-0.000185084 0.0173498 -0.000107329	
2.34	-0.000185081 0.0173498 -0.000107328	
2.35	-0.000185079 0.0173498 -0.000107325	
2.36	-0.000185079 0.0173498 -0.000107322	
2.37	-0.000185076 0.0173498 -0.000107321	
2.38	-0.000185074 0.0173498 -0.000107318	
2.39	-0.000185074 0.0173498 -0.000107315	
2.4	-0.000185071 0.0173498 -0.000107314	
2.41	-0.000185069 0.0173498 -0.000107311	
2.42	-0.000185069 0.0173498 -0.000107308	
2.43	-0.000185066 0.0173498 -0.000107307	
2.44	-0.000185065 0.0173498 -0.000107304	
2.45	-0.000185065 0.0173498 -0.000107301	
2.46	-0.000185062 0.0173498 -0.000107301	
2.47	-0.00018506 0.0173498 -0.000107298	
2.48	-0.00018506 0.0173498 -0.000107295	
2.49	-0.000185058 0.0173498 -0.000107294	
2.5	-0.000185057 0.0173498 -0.000107292	
2.51	-0.000185056 0.0173498 -0.000107289	
2.52	-0.000185053 0.0173498 -0.000107288	
2.53	-0.000185051 0.0173498 -0.000107286	
2.54	-0.00018505 0.0173498 -0.000107283	
2.55	-0.000185047 0.0173498 -0.000107282	
2.56	-0.000185045 0.0173498 -0.00010728	
2.57	-0.000185044 0.0173498 -0.000107278	
2.58	-0.000185041 0.0173498 -0.000107277	
2.59	-0.000185038 0.0173498 -0.000107275	
2.6	-0.000185037 0.0173498 -0.000107273	
2.61	-0.000185034 0.0173498 -0.000107273	
2.62	-0.000185031 0.0173498 -0.000107271	
2.63	-0.00018503 0.0173498 -0.000107269	
2.64	-0.000185027 0.0173498 -0.000107269	
2.65	-0.000185025 0.0173498 -0.000107267	
2.66	-0.000185023 0.0173498 -0.000107265	
2.67	-0.00018502 0.0173498 -0.000107265	
2.68	-0.000185018 0.0173498 -0.000107263	
2.69	-0.000185017 0.0173498 -0.000107261	
2.7	-0.000185014 0.0173498 -0.000107261	
2.71	-0.000185011 0.0173498 -0.000107259	
2.72	-0.00018501 0.0173498 -0.000107258	
2.73	-0.000185007 0.0173498 -0.000107257	
2.74	-0.000185005 0.0173498 -0.000107256	
2.75	-0.000185004 0.0173498 -0.000107254	
2.76	-0.000185002 0.0173498 -0.000107253	
2.77	-0.000184999 0.0173498 -0.000107253	
2.78	-0.000184996 0.0173498 -0.000107251	
2.79	-0.000184994 0.0173498 -0.00010725	
2.8	-0.000184993 0.0173498 -0.000107249	
2.81	-0.000184989 0.0173497 -0.000107248	
2.82	-0.000184987 0.0173497 -0.000107247	
2.83	-0.000184985 0.0173497 -0.000107245	
2.84	-0.000184983 0.0173497 -0.000107244	
2.85	-0.00018498 0.0173497 -0.000107244	
2.86	-0.000184977 0.0173497 -0.000107243	
2.87	-0.000184976 0.0173497 -0.000107241	
2.88	-0.000184974 0.0173497 -0.00010724	
2.89	-0.000184972 0.0173497 -0.000107239	
2.9	-0.000184968 0.0173497 -0.000107238	
2.91	-0.000184966 0.0173497 -0.000107237	
2.92	-0.000184964 0.0173497 -0.000107236	
2.93	-0.000184962 0.0173497 -0.000107234	
2.94	-0.00018496 0.0173497 -0.000107233	
2.95	-0.000184958 0.0173497 -0.000107232	
2.96	-0.000184955 0.0173497 -0.000107231	
2.97	-0.000184953 0.0173497 -0.00010723	
2.98	-0.00018495 0.0173497 -0.000107229	
2.99	-0.000184947 0.0173497 -0.000107228	
3	-0.000184944 0.0173497 -0.000107227	
3.01	-0.000184942 0.0173497 -0.000107226	
3.02	-0.000184939 0.0173497 -0.000107225	
3.03	-0.000184936 0.0173497 -0.000107223	
3.04	-0.000184933 0.0173497 -0.000107222	
3.05	-0.000184931 0.0173497 -0.000107221	
3.06	-0.000184928 0.0173497 -0.00010722	
3.07	-0.000184926 0.0173497 -0.000107219	
3.08	-0.000184923 0.0173497 -0.000107218	
3.09	-0.000184921 0.0173497 -0.000107217	
3.1	-0.000184918 0.0173497 -0.000107215	
3.11	-0.000184916 0.0173497 -0.000107214	
3.12	-0.000184913 0.0173497 -0.000107213	
3.13	-0.000184911 0.0173497 -0.000107212	
3.14	-0.000184908 0.0173497 -0.000107211	
3.15	-0.000184906 0.0173497 -0.000107209	
3.16	-0.000184904 0.0173497 -0.000107208	
3.17	-0.000184901 0.0173497 -0.000107207	
3.18	-0.000184899 0.0173497 -0.000107206	
3.19	-0.000184897 0.0173497 -0.000107204	
3.2	-0.000184895 0.0173497 -0.000107203	
3.21	-0.000184892 0.0173497 -0.000107202	
3.22	-0.00018489 0.0173497 -0.000107201	
3.23	-0.000184888 0.0173497 -0.0001072	
3.24	-0.000184886 0.0173497 -0.000107198	
3.25	-0.000184883 0.0173497 -0.000107197	
3.26	-0.000184881 0.0173497 -0.000107196	
3.27	-0.000184879 0.0173497 -0.000107195	
3.28	-0.000184877 0.0173497 -0.000107193	
3.29	-0.000184875 0.0173497 -0.000107192	
3.3	-0.000184873 0.0173497 -0.000107191	
3.31	-0.00018487 0.0173497 -0.00010719	
3.32	-0.000184868 0.0173497 -0.000107188	
3.33	-0.000184866 0.0173497 -0.000107187	
3.34	-0.000184864 0.0173497 -0.000107186	
3.35	-0.000184862 0.0173497 -0.000107185	
3.36	-0.00018486 0.0173497 -0.000107184	
3.37	-0.000184858 0.0173497 -0.000107182	
3.38	-0.000184856 0.0173497 -0.000107181	
3.39	-0.000184854 0.0173497 -0.00010718	
3.4	-0.000184852 0.0173497 -0.000107179	
3.41	-0.00018485 0.0173497 -0.000107177	
3.42	-0.000184848 0.0173497 -0.000107176	
3.43	-0.000184846 0.0173497 -0.000107175	
3.44	-0.000184844 0.0173497 -0.000107174	
3.45	-0.000184842 0.0173497 -0.000107173	
3.46	-0.00018484 0.0173497 -0.000107171	
3.47	-0.00018484 0.0173497 -0.000107169	
3.48	-0.00018484 0.0173497 -0.000107168	
3.49	-0.000184836 0.0173497 -0.000107168	
3.5	-0.000184834 0.0173497 -0.000107166	
3.51	-0.000184834 0.0173497 -0.000107164	
3.52	-0.000184831 0.0173497 -0.000107165	
3.53	-0.000184829 0.0173497 -0.000107163	
3.54	-0.000184829 0.0173497 -0.000107161	
3.55	-0.000184829 0.0173497 -0.000107159	
3.56	-0.000184826 0.0173497 -0.000107159	
3.57	-0.000184825 0.0173497 -0.000107157	
3.58	-0.000184824 0.0173497 -0.000107155	
3.59	-0.000184822 0.0173496 -0.000107154	
3.6	-0.000184819 0.0173496 -0.000107153	
3.61	-0.000184817 0.0173496 -0.000107152	
3.62	-0.000184816 0.0173496 -0.00010715	
3.63	-0.000184814 0.0173496 -0.000107149	
3.64	-0.000184811 0.0173496 -0.000107148	
3.65	-0.000184809 0.0173496 -0.000107147	
3.66	-0.000184808 0.0173496 -0.000107145	
3.67	-0.000184806 0.0173496 -0.000107144	
3.68	-0.000184805 0.0173496 -0.000107143	
3.69	-0.000184802 0.0173496 -0.000107143	
3.7	-0.0001848 0.0173496 -0.000107142	
3.71	-0.000184798 0.0173496 -0.00010714	
3.72	-0.000184797 0.0173496 -0.000107139	
3.73	-0.000184796 0.0173496 -0.000107138	
3.74	-0.000184794 0.0173496 -0.000107137	
3.75	-0.000184792 0.0173496 -0.000107136	
3.76	-0.00018479 0.0173496 -0.000107135	
3.77	-0.000184788 0.0173496 -0.000107134	
3.78	-0.000184786 0.0173496 -0.000107133	
3.79	-0.000184784 0.0173496 -0.000107132	
3.8	-0.000184782 0.0173496 -0.000107131	
3.81	-0.00018478 0.0173496 -0.00010713	
3.82	-0.000184778 0.0173496 -0.000107129	
3.83	-0.000184776 0.0173496 -0.000107128	
3.84	-0.000184774 0.0173496 -0.000107127	
3.85	-0.000184772 0.0173496 -0.000107126	
3.86	-0.00018477 0.0173496 -0.000107126	
3.87	-0.000184769 0.0173496 -0.000107125	
3.88	-0.000184767 0.0173496 -0.000107124	
3.89	-0.000184765 0.0173496 -0.000107123	
3.9	-0.000184763 0.0173496 -0.000107122	
3.91	-0.000184761 0.0173496 -0.000107121	
3.92	-0.000184759 0.0173496 -0.000107121	
3.93	-0.000184757 0.0173496 -0.00010712	
3.94	-0.000184756 0.0173496 -0.000107119	
3.95	-0.000184754 0.0173496 -0.000107118	
3.96	-0.000184752 0.0173496 -0.000107117	
3.97	-0.00018475 0.0173496 -0.000107116	
3.98	-0.000184749 0.0173496 -0.000107116	
3.99	-0.000184747 0.0173496 -0.000107115	
4	-0.000184745 0.0173496 -0.000107114	
4.01	-0.000184743 0.0173496 -0.000107113	
4.02	-0.000184742 0.0173496 -0.000107112	
4.03	-0.00018474 0.0173496 -0.000107112	
4.04	-0.000184738 0.0173496 -0.000107111	
4.05	-0.000184736 0.0173496 -0.00010711	
4.06	-0.000184735 0.0173496 -0.000107109	
4.07	-0.000184733 0.0173496 -0.000107109	
4.08	-0.000184731 0.0173496 -0.000107108	
4.09	-0.00018473 0.0173496 -0.000107107	
4.1	-0.000184728 0.0173496 -0.000107106	
4.11	-0.000184726 0.0173496 -0.000107106	
4.12	-0.000184725 0.0173496 -0.000107105	
4.13	-0.000184723 0.0173496 -0.000107104	
4.14	-0.000184721 0.0173496 -0.000107103	
4.15	-0.00018472 0.0173496 -0.000107103	
4.16	-0.000184718 0.0173496 -0.000107102	
4.17	-0.000184716 0.0173496 -0.000107101	
4.18	-0.000184715 0.0173496 -0.000107101	
4.19	-0.000184713 0.0173496 -0.0001071	
4.2	-0.000184711 0.0173496 -0.000107099	
4.21	-0.00018471 0.0173496 -0.000107098	
4.22	-0.000184708 0.0173496 -0.000107098	
4.23	-0.000184707 0.0173496 -0.000107097	
4.24	-0.000184705 0.0173496 -0.000107096	
4.25	-0.000184703 0.0173496 -0.000107096	
4.26	-0.000184702 0.0173496 -0.000107095	
4.27	-0.0001847 0.0173496 -0.000107094	
4.28	-0.000184699 0.0173496 -0.000107094	
4.29	-0.000184697 0.0173496 -0.000107093	
4.3	-0.000184696 0.0173496 -0.000107092	
4.31	-0.000184694 0.0173496 -0.000107092	
4.32	-0.000184693 0.0173496 -0.000107091	
4.33	-0.000184691 0.0173496 -0.00010709	
4.34	-0.000184689 0.0173496 -0.00010709	
4.35	-0.000184688 0.0173496 -0.000107089	
4.36	-0.000184686 0.0173496 -0.000107089	
4.37	-0.000184685 0.0173496 -0.000107088	
4.38	-0.000184683 0.0173496 -0.000107087	
4.39	-0.000184682 0.0173496 -0.000107087	
4.4	-0.00018468 0.0173496 -0.000107086	
4.41	-0.000184679 0.0173496 -0.000107085	
4.42	-0.000184677 0.0173496 -0.000107085	
4.43	-0.000184676 0.0173496 -0.000107084	
4.44	-0.000184674 0.0173496 -0.000107084	
4.45	-0.000184673 0.0173496 -0.000107083	
4.46	-0.000184671 0.0173496 -0.000107082	
4.47	-0.00018467 0.0173496 -0.000107082	
4.48	-0.000184669 0.0173496 -0.000107081	
4.49	-0.000184667 0.0173496 -0.000107081	
4.5	-0.000184666 0.0173496 -0.00010708	
4.51	-0.000184664 0.0173496 -0.00010708	
4.52	-0.000184663 0.0173496 -0.000107079	
4.53	-0.000184661 0.0173495 -0.000107078	
4.54	-0.00018466 0.0173495 -0.000107078	
4.55	-0.000184659 0.0173495 -0.000107077	
4.56	-0.000184657 0.0173495 -0.000107077	
4.57	-0.000184656 0.0173495 -0.000107076	
4.58	-0.000184654 0.0173495 -0.000107076	
4.59	-0.000184653 0.0173495 -0.000107075	
4.6	-0.000184652 0.0173495 -0.000107075	
4.61	-0.00018465 0.0173495 -0.000107074	
4.62	-0.000184649 0.0173495 -0.000107074	
4.63	-0.000184648 0.0173495 -0.000107073	
4.64	-0.000184646 0.0173495 -0.000107073	
4.65	-0.000184645 0.0173495 -0.000107072	
4.66	-0.000184643 0.0173495 -0.000107072	
4.67	-0.000184642 0.0173495 -0.000107071	
4.68	-0.000184641 0.0173495 -0.000107071	
4.69	-0.000184639 0.0173495 -0.00010707	
4.7	-0.000184638 0.0173495 -0.00010707	
4.71	-0.000184637 0.0173495 -0.000107069	
4.72	-0.000184636 0.0173495 -0.000107069	
4.73	-0.000184634 0.0173495 -0.000107068	
4.74	-0.000184633 0.0173495 -0.000107068	
4.75	-0.000184632 0.0173495 -0.000107067	
4.76	-0.00018463 0.0173495 -0.000107067	
4.77	-0.000184629 0.0173495 -0.000107066	
4.78	-0.000184628 0.0173495 -0.000107066	
4.79	-0.000184627 0.0173495 -0.000107065	
4.8	-0.000184625 0.0173495 -0.000107065	
4.81	-0.000184624 0.0173495 -0.000107064	
4.82	-0.000184623 0.0173495 -0.000107064	
4.83	-0.000184622 0.0173495 -0.000107064	
4.84	-0.000184621 0.0173495 -0.000107063	
4.85	-0.000184619 0.0173495 -0.000107063	
4.86	-0.000184618 0.0173495 -0.000107062	
4.87	-0.000184617 0.0173495 -0.000107062	
4.88	-0.000184616 0.0173495 -0.000107061	
4.89	-0.000184615 0.0173495 -0.000107061	
4.9	-0.000184613 0.0173495 -0.000107061	
4.91	-0.000184612 0.0173495 -0.00010706	
4.92	-0.000184611 0.0173495 -0.00010706	
4.93	-0.00018461 0.0173495 -0.000107059	
4.94	-0.000184609 0.0173495 -0.000107059	
4.95	-0.000184608 0.0173495 -0.000107059	
4.96	-0.000184607 0.0173495 -0.000107058	
4.97	-0.000184606 0.0173495 -0.000107058	
4.98	-0.000184604 0.0173495 -0.000107057	
4.99	-0.000184603 0.0173495 -0.000107057	
5	-0.000184602 0.0173495 -0.000107057	
5.01	-0.000184601 0.0173495 -0.000107056	
5.02	-0.0001846 0.0173495 -0.000107056	
5.03	-0.000184599 0.0173495 -0.000107056	
5.04	-0.000184598 0.0173495 -0.000107055	
5.05	-0.000184597 0.0173495 -0.000107055	
5.06	-0.000184596 0.0173495 -0.000107054	
5.07	-0.000184595 0.0173495 -0.000107054	
5.08	-0.000184594 0.0173495 -0.000107054	
5.09	-0.000184593 0.0173495 -0.000107053	
5.1	-0.000184592 0.0173495 -0.000107053	
5.11	-0.000184591 0.0173495 -0.000107053	
5.12	-0.00018459 0.0173495 -0.000107052	
5.13	-0.000184589 0.0173495 -0.000107052	
5.14	-0.000184588 0.0173495 -0.000107052	
5.15	-0.000184587 0.0173495 -0.000107051	
5.16	-0.000184586 0.0173495 -0.000107051	
5.17	-0.000184585 0.0173495 -0.000107051	
5.18	-0.000184584 0.0173495 -0.00010705	
5.19	-0.000184583 0.0173495 -0.00010705	
5.2	-0.000184583 0.0173495 -0.00010705	
5.21	-0.000184582 0.0173495 -0.000107049	
5.22	-0.000184581 0.0173495 -0.000107049	
5.23	-0.00018458 0.0173495 -0.000107049	
5.24	-0.000184579 0.0173495 -0.000107049	
5.25	-0.000184578 0.0173495 -0.000107048	
5.26	-0.000184577 0.0173495 -0.000107048	
5.27	-0.000184577 0.0173495 -0.000107048	
5.28	-0.000184576 0.0173495 -0.000107047	
5.29	-0.000184575 0.0173495 -0.000107047	
5.3	-0.000184574 0.0173495 -0.000107047	
5.31	-0.000184574 0.0173495 -0.000107046	
5.32	-0.000184573 0.0173495 -0.000107046	
5.33	-0.000184572 0.0173495 -0.000107046	
5.34	-0.000184571 0.0173495 -0.000107046	
5.35	-0.000184571 0.0173495 -0.000107045	
5.36	-0.00018457 0.0173495 -0.000107045	
5.37	-0.000184569 0.0173495 -0.000107045	
5.38	-0.000184568 0.0173495 -0.000107044	
5.39	-0.000184568 0.0173495 -0.000107044	
5.4	-0.000184567 0.0173495 -0.000107044	
5.41	-0.000184566 0.0173495 -0.000107044	
5.42	-0.000184566 0.0173495 -0.000107043	
5.43	-0.000184565 0.0173495 -0.000107043	
5.44	-0.000184565 0.0173495 -0.000107043	
5.45	-0.000184564 0.0173495 -0.000107043	
5.46	-0.000184563 0.0173495 -0.000107042	
5.47	-0.000184563 0.0173495 -0.000107042	
5.48	-0.000184562 0.0173495 -0.000107042	
5.49	-0.000184562 0.0173495 -0.000107042	
5.5	-0.000184561 0.0173495 -0.000107041	
5.51	-0.000184561 0.0173495 -0.000107041	
5.52	-0.00018456 0.0173495 -0.000107041	
5.53	-0.000184559 0.0173495 -0.000107041	
5.54	-0.000184559 0.0173495 -0.000107041	
5.55	-0.000184558 0.0173495 -0.00010704	
5.56	-0.000184558 0.0173495 -0.00010704	
5.57	-0.000184558 0.0173495 -0.00010704	
5.58	-0.000184557 0.0173495 -0.00010704	
5.59	-0.000184557 0.0173495 -0.000107039	
5.6	-0.000184556 0.0173495 -0.000107039	
5.61	-0.000184556 0.0173495 -0.000107039	
5.62	-0.000184555 0.0173495 -0.000107039	
5.63	-0.000184555 0.0173495 -0.000107039	
5.64	-0.000184555 0.0173495 -0.000107038	
5.65	-0.000184554 0.0173495 -0.000107038	
5.66	-0.000184554 0.0173495 -0.000107038	
5.67	-0.000184553 0.0173495 -0.000107038	
5.68	-0.000184553 0.0173495 -0.000107038	
5.69	-0.000184553 0.0173495 -0.000107037	
5.7	-0.000184553 0.0173495 -0.000107037	
5.71	-0.000184552 0.0173495 -0.000107037	
5.72	-0.000184552 0.0173495 -0.000107037	
5.73	-0.000184552 0.0173495 -0.000107037	
5.74	-0.000184551 0.0173495 -0.000107036	
5.75	-0.000184551 0.0173495 -0.000107036	
5.76	-0.000184551 0.0173495 -0.000107036	
5.77	-0.000184551 0.0173495 -0.000107036	
5.78	-0.000184551 0.0173495 -0.000107036	
5.79	-0.00018455 0.0173495 -0.000107036	
5.8	-0.00018455 0.0173495 -0.000107035	
5.81	-0.00018455 0.0173495 -0.000107035	
5.82	-0.00018455 0.0173495 -0.000107035	
5.83	-0.00018455 0.0173495 -0.000107035	
5.84	-0.00018455 0.0173495 -0.000107035	
5.85	-0.000184549 0.0173495 -0.000107035	
5.86	-0.000184549 0.0173495 -0.000107034	
5.87	-0.000184549 0.0173495 -0.000107034	
5.88	-0.000184549 0.0173495 -0.000107034	
5.89	-0.000184549 0.0173495 -0.000107034	
5.9	-0.000184549 0.0173495 -0.000107034	
5.91	-0.000184549 0.0173495 -0.000107034	
5.92	-0.000184549 0.0173495 -0.000107033	
5.93	-0.000184549 0.0173495 -0.000107033	
5.94	-0.000184549 0.0173495 -0.000107033	
5.95	-0.000184549 0.0173495 -0.000107033	
5.96	-0.000184549 0.0173495 -0.000107033	
5.97	-0.000184549 0.0173495 -0.000107033	
5.98	-0.000184549 0.0173495 -0.000107033	
5.99	-0.000184549 0.0173495 -0.000107033	
6	-0.000184549 0.0173495 -0.000107032	
6.01	-0.000184549 0.0173495 -0.000107032	
6.02	-0.000184549 0.0173495 -0.000107032	
6.03	-0.000184549 0.0173495 -0.000107032	
6.04	-0.00018455 0.0173495 -0.000107032	
6.05	-0.00018455 0.0173495 -0.000107032	
6.06	-0.00018455 0.0173495 -0.000107032	
6.07	-0.00018455 0.0173495 -0.000107032	
6.08	-0.00018455 0.0173495 -0.000107031	
6.09	-0.00018455 0.0173495 -0.000107031	
6.1	-0.00018455 0.0173495 -0.000107031	
6.11	-0.000184551 0.0173495 -0.000107031	
6.12	-0.000184551 0.0173495 -0.000107031	
6.13	-0.000184551 0.0173495 -0.000107031	
6.14	-0.000184551 0.0173495 -0.000107031	
6.15	-0.000184552 0.0173495 -0.000107031	
6.16	-0.000184552 0.0173495 -0.000107031	
6.17	-0.000184552 0.0173495 -0.000107031	
6.18	-0.000184552 0.0173495 -0.00010703	
6.19	-0.000184553 0.0173495 -0.00010703	
6.2	-0.000184553 0.0173495 -0.00010703	
6.21	-0.000184553 0.0173495 -0.00010703	
6.22	-0.000184553 0.0173495 -0.00010703	
6.23	-0.000184554 0.0173495 -0.00010703	
6.24	-0.000184554 0.0173495 -0.00010703	
6.25	-0.000184555 0.0173495 -0.00010703	
6.26	-0.000184555 0.0173495 -0.00010703	
6.27	-0.000184555 0.0173495 -0.00010703	
6.28	-0.000184556 0.0173495 -0.00010703	
6.29	-0.000184556 0.0173495 -0.00010703	
6.3	-0.000184556 0.0173495 -0.00010703	
6.31	-0.000184557 0.0173495 -0.000107029	
6.32	-0.000184557 0.0173495 -0.000107029	
6.33	-0.000184558 0.0173495 -0.000107029	
6.34	-0.000184558 0.0173495 -0.000107029	
6.35	-0.000184559 0.0173495 -0.000107029	
6.36	-0.000184559 0.0173495 -0.000107029	
6.37	-0.00018456 0.0173495 -0.000107029	
6.38	-0.00018456 0.0173495 -0.000107029	
6.39	-0.000184561 0.0173495 -0.000107029	
6.4	-0.000184561 0.0173495 -0.000107029	
6.41	-0.000184562 0.0173495 -0.000107029	
6.42	-0.000184562 0.0173495 -0.000107029	
6.43	-0.000184563 0.0173495 -0.000107029	
6.44	-0.000184563 0.0173495 -0.000107029	
6.45	-0.000184564 0.0173495 -0.000107029	
6.46	-0.000184564 0.0173495 -0.000107029	
6.47	-0.000184565 0.0173495 -0.000107029	
6.48	-0.000184566 0.0173495 -0.000107029	
6.49	-0.000184566 0.0173495 -0.000107029	
6.5	-0.000184567 0.0173495 -0.000107029	
6.51	-0.000184568 0.0173495 -0.000107028	
6.52	-0.000184568 0.0173495 -0.000107028	
6.53	-0.000184569 0.0173495 -0.000107028	
6.54	-0.000184569 0.0173495 -0.000107028	
6.55	-0.00018457 0.0173495 -0.000107028	
6.56	-0.000184571 0.0173495 -0.000107028	
6.57	-0.000184572 0.0173495 -0.000107028	
6.58	-0.000184572 0.0173495 -0.000107028	
6.59	-0.000184573 0.0173495 -0.000107028	
6.6	-0.000184574 0.0173495 -0.000107028	
6.61	-0.000184574 0.0173495 -0.000107028	
6.62	-0.000184575 0.0173495 -0.000107028	
6.63	-0.000184576 0.0173495 -0.000107028	
6.64	-0.000184577 0.0173495 -0.000107028	
6.65	-0.000184577 0.0173495 -0.000107028	
6.66	-0.000184578 0.0173495 -0.000107028	
6.67	-0.000184579 0.0173495 -0.000107028	
6.68	-0.00018458 0.0173495 -0.000107028	
6.69	-0.00018458 0.0173495 -0.000107028	
6.7	-0.000184581 0.0173495 -0.000107028	
6.71	-0.000184582 0.0173495 -0.000107028	
6.72	-0.000184583 0.0173495 -0.000107028	
6.73	-0.000184584 0.0173495 -0.000107027	
6.74	-0.000184584 0.0173495 -0.000107027	
6.75	-0.000184585 0.0173495 -0.000107027	
6.76	-0.000184586 0.0173495 -0.000107027	
6.77	-0.000184587 0.0173495 -0.000107027	
6.78	-0.000184588 0.0173495 -0.000107027	
6.79	-0.000184588 0.0173495 -0.000107027	
6.8	-0.000184589 0.0173495 -0.000107027	
6.81	-0.00018459 0.0173495 -0.000107027	
6.82	-0.000184591 0.0173495 -0.000107027	
6.83	-0.000184592 0.0173495 -0.000107027	
6.84	-0.000184593 0.0173495 -0.000107027	
6.85	-0.000184594 0.0173495 -0.000107027	
6.86	-0.000184595 0.0173495 -0.000107027	
6.87	-0.000184596 0.0173495 -0.000107027	
6.88	-0.000184597 0.0173495 -0.000107027	
6.89	-0.000184598 0.0173495 -0.000107026	
6.9	-0.000184598 0.0173495 -0.000107026	
6.91	-0.000184599 0.0173495 -0.000107026	
6.92	-0.0001846 0.0173495 -0.000107026	
6.93	-0.000184601 0.0173495 -0.000107026	
6.94	-0.000184602 0.0173495 -0.000107026	
6.95	-0.000184603 0.0173495 -0.000107026	
6.96	-0.000184604 0.0173495 -0.000107026	
6.97	-0.000184605 0.0173495 -0.000107026	
6.98	-0.000184606 0.0173495 -0.000107026	
6.99	-0.000184607 0.0173495 -0.000107026	
7	-0.000184608 0.0173495 -0.000107026	
7.01	-0.00018461 0.0173495 -0.000107026	
7.02	-0.000184611 0.0173495 -0.000107026	
7.03	-0.000184612 0.0173495 -0.000107026	
7.04	-0.000184613 0.0173495 -0.000107026	
7.05	-0.000184614 0.0173495 -0.000107026	
7.06	-0.000184615 0.0173495 -0.000107026	
7.07	-0.000184616 0.0173495 -0.000107026	
7.08	-0.000184617 0.0173495 -0.000107026	
7.09	-0.000184618 0.0173495 -0.000107026	
7.1	-0.000184619 0.0173495 -0.000107026	
7.11	-0.000184621 0.0173495 -0.000107025	
7.12	-0.000184621 0.0173495 -0.000107025	
7.13	-0.00018462 0.0173495 -0.000107026	
7.14	-0.00018462 0.0173495 -0.000107026	
7.15	-0.00018462 0.0173495 -0.000107025	
7.16	-0.000184618 0.0173495 -0.000107026	
7.17	-0.000184617 0.0173495 -0.000107026	
7.18	-0.000184617 0.0173495 -0.000107025	
7.19	-0.000184615 0.0173495 -0.000107026	
7.2	-0.000184614 0.0173495 -0.000107025	
7.21	-0.000184613 0.0173495 -0.000107024	
7.22	-0.000184612 0.0173495 -0.000107025	
7.23	-0.000184611 0.0173495 -0.000107024	
7.24	-0.00018461 0.0173495 -0.000107023	
7.25	-0.000184609 0.0173495 -0.000107023	
7.26	-0.000184608 0.0173495 -0.000107022	
7.27	-0.000184608 0.0173495 -0.000107021	
7.28	-0.000184606 0.0173495 -0.000107022	
7.29	-0.000184605 0.0173495 -0.000107021	
7.3	-0.000184605 0.0173495 -0.00010702	
7.31	-0.000184604 0.0173495 -0.00010702	
7.32	-0.000184603 0.0173495 -0.000107019	
7.33	-0.000184603 0.0173495 -0.000107018	
7.34	-0.000184601 0.0173495 -0.000107019	
7.35	-0.000184601 0.0173495 -0.000107017	
7.36	-0.000184601 0.0173495 -0.000107016	
7.37	-0.000184599 0.0173495 -0.000107017	
7.38	-0.000184599 0.0173495 -0.000107016	
7.39	-0.000184599 0.0173495 -0.000107015	
7.4	-0.000184597 0.0173495 -0.000107016	
7.41	-0.000184597 0.0173495 -0.000107014	
7.42	-0.000184597 0.0173495 -0.000107014	
7.43	-0.000184595 0.0173495 -0.000107014	
7.44	-0.000184595 0.0173495 -0.000107013	
7.45	-0.000184595 0.0173495 -0.000107012	
7.46	-0.000184593 0.0173495 -0.000107013	
7.47	-0.000184593 0.0173495 -0.000107012	
7.48	-0.000184593 0.0173495 -0.000107011	
7.49	-0.000184593 0.0173495 -0.000107011	
7.5	-0.000184592 0.0173495 -0.000107012	
7.51	-0.000184592 0.0173495 -0.000107011	
7.52	-0.000184592 0.0173495 -0.00010701	
7.53	-0.000184591 0.0173495 -0.000107011	
7.54	-0.00018459 0.0173495 -0.00010701	
7.55	-0.00018459 0.0173495 -0.000107009	
7.56	-0.000184589 0.0173495 -0.00010701	
7.57	-0.000184588 0.0173495 -0.000107009	
7.58	-0.000184589 0.0173495 -0.000107009	
7.59	-0.000184588 0.0173495 -0.00010701	
7.6	-0.000184587 0.0173495 -0.000107009	
7.61	-0.000184587 0.0173495 -0.000107008	
7.62	-0.000184586 0.0173495 -0.000107009	
7.63	-0.000184586 0.0173495 -0.000107008	
7.64	-0.000184586 0.0173495 -0.000107007	
7.65	-0.000184585 0.0173495 -0.000107008	
7.66	-0.000184584 0.0173495 -0.000107007	
7.67	-0.000184584 0.0173495 -0.000107007	
7.68	-0.000184583 0.0173495 -0.000107008	
7.69	-0.000184583 0.0173495 -0.000107007	
7.7	-0.000184583 0.0173495 -0.000107006	
7.71	-0.000184582 0.0173495 -0.000107007	
7.72	-0.000184581 0.0173495 -0.000107006	
7.73	-0.000184582 0.0173495 -0.000107005	
7.74	-0.000184581 0.0173495 -0.000107006	
7.75	-0.00018458 0.0173495 -0.000107005	
7.76	-0.000184581 0.0173495 -0.000107005	
7.77	-0.000184579 0.0173495 -0.000107006	
7.78	-0.000184579 0.0173495 -0.000107004	
7.79	-0.00018458 0.0173495 -0.000107004	
7.8	-0.000184579 0.0173495 -0.000107004	
7.81	-0.00018458 0.0173495 -0.000107003	
7.82	-0.000184581 0.0173495 -0.000107002	
7.83	-0.00018458 0.0173495 -0.000107002	
7.84	-0.000184582 0.0173495 -0.000107	
7.85	-0.000184583 0.0173495 -0.000106999	
7.86	-0.000184583 0.0173495 -0.000106999	
7.87	-0.000184585 0.0173495 -0.000106997	
7.88	-0.000184586 0.0173495 -0.000106996	
7.89	-0.000184587 0.0173495 -0.000106996	
7.9	-0.000184589 0.0173495 -0.000106993	
7.91	-0.000184591 0.0173495 -0.000106992	
7.92	-0.000184591 0.0173495 -0.000106991	
7.93	-0.000184594 0.0173495 -0.000106989	
7.94	-0.000184596 0.0173495 -0.000106987	
7.95	-0.000184597 0.0173495 -0.000106987	
7.96	-0.0001846 0.0173495 -0.000106984	
7.97	-0.000184602 0.0173495 -0.000106982	
7.98	-0.000184602 0.0173495 -0.000106981	
7.99	-0.000184604 0.0173495 -0.000106981	
8	-0.000184607 0.0173495 -0.000106978	
8.01	-0.000184608 0.0173495 -0.000106976	
8.02	-0.00018461 0.0173495 -0.000106976	
8.03	-0.000184613 0.0173495 -0.000106972	
8.04	-0.000184615 0.0173495 -0.000106971	
8.05	-0.000184617 0.0173495 -0.00010697	
8.06	-0.00018462 0.0173495 -0.000106967	
8.07	-0.000184622 0.0173495 -0.000106965	
8.08	-0.000184623 0.0173495 -0.000106964	
8.09	-0.000184624 0.0173495 -0.000106964	
8.1	-0.000184626 0.0173495 -0.000106961	
8.11	-0.000184628 0.0173495 -0.000106959	
8.12	-0.000184629 0.0173495 -0.000106959	
8.13	-0.000184632 0.0173495 -0.000106955	
8.14	-0.000184634 0.0173495 -0.000106953	
8.15	-0.000184635 0.0173495 -0.000106953	
8.16	-0.000184636 0.0173495 -0.000106952	
8.17	-0.000184638 0.0173495 -0.000106949	
8.18	-0.00018464 0.0173495 -0.000106948	
8.19	-0.000184641 0.0173495 -0.000106947	
8.2	-0.000184644 0.0173495 -0.000106943	
8.21	-0.000184646 0.0173495 -0.000106942	
8.22	-0.000184647 0.0173495 -0.000106941	
8.23	-0.000184648 0.0173495 -0.00010694	
8.24	-0.000184651 0.0173495 -0.000106937	
8.25	-0.000184653 0.0173495 -0.000106935	
8.26	-0.000184654 0.0173495 -0.000106935	
8.27	-0.000184657 0.0173495 -0.000106931	
8.28	-0.000184659 0.0173495 -0.000106929	
8.29	-0.00018466 0.0173495 -0.000106928	
8.3	-0.000184661 0.0173495 -0.000106928	
8.31	-0.000184664 0.0173495 -0.000106925	
8.32	-0.000184665 0.0173495 -0.000106923	
8.33	-0.000184666 0.0173495 -0.000106922	
8.34	-0.000184667 0.0173495 -0.000106922	
8.35	-0.00018467 0.0173495 -0.000106918	
8.36	-0.000184672 0.0173495 -0.000106916	
8.37	-0.000184673 0.0173495 -0.000106916	
8.38	-0.000184677 0.0173495 -0.000106912	
8.39	-0.000184678 0.0173495 -0.00010691	
8.4	-0.000184679 0.0173495 -0.000106909	
8.41	-0.000184681 0.0173495 -0.000106908	
8.42	-0.000184684 0.0173495 -0.000106905	
8.43	-0.000184685 0.0173495 -0.000106903	
8.44	-0.000184687 0.0173495 -0.000106902	
8.45	-0.000184691 0.0173495 -0.000106898	
8.46	-0.000184693 0.0173495 -0.000106896	
8.47	-0.000184694 0.0173495 -0.000106895	
8.48	-0.000184696 0.0173495 -0.000106893	
8.49	-0.0001847 0.0173495 -0.00010689	
8.5	-0.000184702 0.0173495 -0.000106887	
8.51	-0.000184704 0.0173495 -0.000106886	
8.52	-0.000184708 0.0173495 -0.000106882	
8.53	-0.00018471 0.0173495 -0.00010688	
8.54	-0.000184712 0.0173495 -0.000106878	
8.55	-0.000184714 0.0173495 -0.000106877	
8.56	-0.000184718 0.0173495 -0.000106873	
8.57	-0.00018472 0.0173495 -0.000106871	
8.58	-0.000184722 0.0173495 -0.000106869	
8.59	-0.000184725 0.0173495 -0.000106868	
8.6	-0.000184729 0.0173495 -0.000106864	
8.61	-0.000184731 0.0173495 -0.000106861	
8.62	-0.000184733 0.0173495 -0.00010686	
8.63	-0.000184736 0.0173495 -0.000106858	
8.64	-0.000184741 0.0173495 -0.000106854	
8.65	-0.000184743 0.0173495 -0.000106852	
8.66	-0.000184746 0.0173495 -0.00010685	
8.67	-0.00018475 0.0173495 -0.000106846	
8.68	-0.000184753 0.0173495 -0.000106843	
8.69	-0.000184755 0.0173495 -0.000106841	
8.7	-0.000184758 0.0173495 -0.00010684	
8.71	-0.000184762 0.0173495 -0.000106836	
8.72	-0.000184764 0.0173495 -0.000106833	
8.73	-0.000184767 0.0173496 -0.000106831	
8.74	-0.00018477 0.0173496 -0.00010683	
8.75	-0.000184774 0.0173496 -0.000106825	
8.76	-0.000184777 0.0173496 -0.000106823	
8.77	-0.000184779 0.0173496 -0.000106821	
8.78	-0.000184783 0.0173496 -0.000106819	
8.79	-0.000184787 0.0173496 -0.000106815	
8.8	-0.000184789 0.0173496 -0.000106812	
8.81	-0.000184792 0.0173496 -0.000106811	
8.82	-0.000184795 0.0173496 -0.000106809	
8.83	-0.0001848 0.0173496 -0.000106805	
8.84	-0.000184802 0.0173496 -0.000106802	
8.85	-0.000184805 0.0173496 -0.0001068	
8.86	-0.000184809 0.0173496 -0.000106798	
8.87	-0.000184813 0.0173496 -0.000106794	
8.88	-0.000184815 0.0173496 -0.000106791	
8.89	-0.000184818 0.0173496 -0.000106789	
8.9	-0.000184822 0.0173496 -0.000106787	
8.91	-0.000184826 0.0173496 -0.000106783	
8.92	-0.000184829 0.0173496 -0.00010678	
8.93	-0.000184831 0.0173496 -0.000106778	
8.94	-0.000184835 0.0173496 -0.000106776	
8.95	-0.00018484 0.0173496 -0.000106772	
8.96	-0.000184842 0.0173496 -0.000106769	
8.97	-0.000184845 0.0173496 -0.000106768	
8.98	-0.000184849 0.0173496 -0.000106765	
8.99	-0.000184853 0.0173496 -0.000106761	
9	-0.000184856 0.0173496 -0.000106758	
9.01	-0.000184858 0.0173496 -0.000106756	
9.02	-0.000184862 0.0173496 -0.000106754	
9.03	-0.000184867 0.0173496 -0.00010675	
9.04	-0.000184869 0.0173496 -0.000106747	
9.05	-0.000184872 0.0173496 -0.000106745	
9.06	-0.000184876 0.0173496 -0.000106743	
9.07	-0.00018488 0.0173496 -0.000106739	
9.08	-0.000184883 0.0173496 -0.000106736	
9.09	-0.000184886 0.0173496 -0.000106734	
9.1	-0.00018489 0.0173496 -0.000106732	
9.11	-0.000184894 0.0173496 -0.000106728	
9.12	-0.000184897 0.0173496 -0.000106725	
9.13	-0.000184899 0.0173496 -0.000106723	
9.14	-0.000184903 0.0173496 -0.000106721	
9.15	-0.000184908 0.0173496 -0.000106716	
9.16	-0.00018491 0.0173496 -0.000106714	
9.17	-0.000184913 0.0173496 -0.000106712	
9.18	-0.000184917 0.0173496 -0.000106709	
9.19	-0.000184921 0.0173496 -0.000106705	
9.2	-0.000184924 0.0173496 -0.000106702	
9.21	-0.000184927 0.0173496 -0.0001067	
9.22	-0.000184931 0.0173496 -0.000106698	
9.23	-0.000184935 0.0173496 -0.000106695	
9.24	-0.00018494 0.0173496 -0.000106691	
9.25	-0.000184943 0.0173496 -0.000106688	
9.26	-0.000184946 0.0173496 -0.000106686	
9.27	-0.00018495 0.0173496 -0.000106683	
9.28	-0.000184955 0.0173496 -0.000106681	
9.29	-0.00018496 0.0173496 -0.000106676	
9.3	-0.000184963 0.0173496 -0.000106673	
9.31	-0.000184966 0.0173496 -0.000106671	
9.32	-0.000184971 0.0173496 -0.000106668	
9.33	-0.000184976 0.0173496 -0.000106665	
9.34	-0.000184981 0.0173496 -0.00010666	
9.35	-0.000184984 0.0173496 -0.000106657	
9.36	-0.000184987 0.0173496 -0.000106655	
9.37	-0.000184991 0.0173496 -0.000106652	
9.38	-0.000184996 0.0173496 -0.00010665	
9.39	-0.000185002 0.0173496 -0.000106645	
9.4	-0.000185005 0.0173496 -0.000106642	
9.41	-0.000185008 0.0173496 -0.000106639	
9.42	-0.000185013 0.0173496 -0.000106637	
9.43	-0.000185018 0.0173496 -0.000106634	
9.44	-0.000185023 0.0173496 -0.000106629	
9.45	-0.000185026 0.0173496 -0.000106626	
9.46	-0.000185029 0.0173496 -0.000106624	
9.47	-0.000185034 0.0173496 -0.000106621	
9.48	-0.000185039 0.0173496 -0.000106618	
9.49	-0.000185044 0.0173496 -0.000106613	
9.5	-0.000185047 0.0173496 -0.00010661	
9.51	-0.000185051 0.0173496 -0.000106608	
9.52	-0.000185055 0.0173496 -0.000106605	
9.53	-0.00018506 0.0173496 -0.000106602	
9.54	-0.000185065 0.0173496 -0.000106597	
9.55	-0.000185069 0.0173496 -0.000106594	
9.56	-0.000185072 0.0173496 -0.000106592	
9.57	-0.000185076 0.0173496 -0.000106589	
9.58	-0.000185082 0.0173496 -0.000106586	
9.59	-0.000185087 0.0173496 -0.000106583	
9.6	-0.000185093 0.0173496 -0.000106578	
9.61	-0.000185096 0.0173496 -0.000106574	
9.62	-0.0001851 0.0173496 -0.000106572	
9.63	-0.000185104 0.0173497 -0.000106569	
9.64	-0.00018511 0.0173497 -0.000106565	
9.65	-0.000185115 0.0173497 -0.000106562	
9.66	-0.000185121 0.0173497 -0.000106557	
9.67	-0.000185124 0.0173497 -0.000106554	
9.68	-0.000185128 0.0173497 -0.000106551	
9.69	-0.000185133 0.0173497 -0.000106548	
9.7	-0.000185138 0.0173497 -0.000106545	
9.71	-0.000185143 0.0173497 -0.000106542	
9.72	-0.000185149 0.0173497 -0.000106537	
9.73	-0.000185152 0.0173497 -0.000106534	
9.74	-0.000185156 0.0173497 -0.000106531	
9.75	-0.000185161 0.0173497 -0.000106528	
9.76	-0.000185166 0.0173497 -0.000106525	
9.77	-0.000185171 0.0173497 -0.000106522	
9.78	-0.000185177 0.0173497 -0.000106517	
9.79	-0.00018518 0.0173497 -0.000106513	
9.8	-0.000185184 0.0173497 -0.000106511	
9.81	-0.000185188 0.0173497 -0.000106508	
9.82	-0.000185194 0.0173497 -0.000106504	
9.83	-0.000185199 0.0173497 -0.000106501	
9.84	-0.000185205 0.0173497 -0.000106498	
9.85	-0.00018521 0.0173497 -0.000106493	
9.86	-0.000185214 0.0173497 -0.000106489	
9.87	-0.000185218 0.0173497 -0.000106486	
9.88	-0.000185223 0.0173497 -0.000106483	
9.89	-0.000185228 0.0173497 -0.00010648	
9.9	-0.000185233 0.0173497 -0.000106477	
9.91	-0.000185239 0.0173497 -0.000106473	
9.92	-0.000185245 0.0173497 -0.00010647	
9.93	-0.000185251 0.0173497 -0.000106464	
9.94	-0.000185254 0.0173497 -0.000106461	
9.95	-0.000185258 0.0173497 -0.000106458	
9.96	-0.000185263 0.0173497 -0.000106455	
9.97	-0.000185268 0.0173497 -0.000106452	
9.98	-0.000185274 0.0173497 -0.000106448	
9.99	-0.000185279 0.0173497 -0.000106445	
10	-0.000185285 0.0173497 -0.000106441	
10.01	-0.000185291 0.0173497 -0.000106436	
10.02	-0.000185294 0.0173497 -0.000106433	
10.03	-0.000185298 0.0173497 -0.00010643	
10.04	-0.000185303 0.0173497 -0.000106427	
10.05	-0.000185308 0.0173497 -0.000106423	
10.06	-0.000185314 0.0173497 -0.00010642	
10.07	-0.000185319 0.0173497 -0.000106417	
10.08	-0.000185325 0.0173497 -0.000106413	
10.09	-0.000185331 0.0173497 -0.000106409	
10.1	-0.000185337 0.0173497 -0.000106406	
10.11	-0.000185343 0.0173497 -0.0001064	
10.12	-0.000185347 0.0173497 -0.000106397	
10.13	-0.000185351 0.0173497 -0.000106394	
10.14	-0.000185356 0.0173497 -0.000106391	
10.15	-0.00018536 0.0173497 -0.000106387	
10.16	-0.000185366 0.0173497 -0.000106384	
10.17	-0.000185371 0.0173497 -0.00010638	
10.18	-0.000185377 0.0173497 -0.000106377	
10.19	-0.000185383 0.0173497 -0.000106373	
10.2	-0.000185388 0.0173497 -0.000106369	
10.21	-0.000185394 0.0173497 -0.000106366	
10.22	-0.0001854 0.0173497 -0.000106362	
10.23	-0.000185407 0.0173497 -0.000106358	
10.24	-0.000185413 0.0173497 -0.000106355	
10.25	-0.000185419 0.0173497 -0.000106349	
10.26	-0.000185423 0.0173497 -0.000106345	
10.27	-0.000185427 0.0173498 -0.000106342	
10.28	-0.000185432 0.0173498 -0.000106339	
10.29	-0.000185437 0.0173498 -0.000106336	
10.3	-0.000185442 0.0173498 -0.000106332	
10.31	-0.000185447 0.0173498 -0.000106329	
10.32	-0.000185453 0.0173498 -0.000106325	
10.33	-0.000185458 0.0173498 -0.000106322	
10.34	-0.000185464 0.0173498 -0.000106318	
10.35	-0.00018547 0.0173498 -0.000106314	
10.36	-0.000185476 0.0173498 -0.000106311	
10.37	-0.000185482 0.0173498 -0.000106307	
10.38	-0.000185488 0.0173498 -0.000106303	
10.39	-0.000185494 0.0173498 -0.000106299	
10.4	-0.0001855 0.0173498 -0.000106295	
10.41	-0.000185506 0.0173498 -0.000106292	
10.42	-0.000185512 0.0173498 -0.000106288	
10.43	-0.000185518 0.0173498 -0.000106284	
10.44	-0.000185524 0.0173498 -0.00010628	
10.45	-0.00018553 0.0173498 -0.000106276	
10.46	-0.000185536 0.0173498 -0.000106273	
10.47	-0.000185542 0.0173498 -0.000106269	
10.48	-0.000185548 0.0173498 -0.000106265	
10.49	-0.000185554 0.0173498 -0.000106261	
10.5	-0.00018556 0.0173498 -0.000106258	
10.51	-0.000185565 0.0173498 -0.000106254	
10.52	-0.000185571 0.0173498 -0.00010625	
10.53	-0.000185577 0.0173498 -0.000106246	
10.54	-0.000185583 0.0173498 -0.000106243	
10.55	-0.000185589 0.0173498 -0.000106239	
10.56	-0.000185595 0.0173498 -0.000106235	
10.57	-0.000185601 0.0173498 -0.000106231	
10.58	-0.000185606 0.0173498 -0.000106227	
10.59	-0.000185612 0.0173498 -0.000106224	
10.6	-0.000185618 0.0173498 -0.00010622	
10.61	-0.000185624 0.0173498 -0.000106216	
10.62	-0.00018563 0.0173498 -0.000106212	
10.63	-0.000185635 0.0173498 -0.000106209	
10.64	-0.000185641 0.0173498 -0.000106205	
10.65	-0.000185647 0.0173498 -0.000106201	
10.66	-0.000185653 0.0173498 -0.000106197	
10.67	-0.000185659 0.0173498 -0.000106193	
10.68	-0.000185664 0.0173498 -0.00010619	
10.69	-0.00018567 0.0173498 -0.000106186	
10.7	-0.000185676 0.0173498 -0.000106182	
10.71	-0.000185682 0.0173498 -0.000106178	
10.72	-0.000185688 0.0173498 -0.000106175	
10.73	-0.000185693 0.0173498 -0.000106171	
10.74	-0.000185699 0.0173498 -0.000106167	
10.75	-0.000185705 0.0173498 -0.000106163	
10.76	-0.000185711 0.0173498 -0.000106159	
10.77	-0.000185716 0.0173498 -0.000106156	
10.78	-0.000185722 0.0173498 -0.000106152	
10.79	-0.000185728 0.0173498 -0.000106148	
10.8	-0.000185733 0.0173499 -0.000106144	
10.81	-0.000185739 0.0173499 -0.00010614	
10.82	-0.000185745 0.0173499 -0.000106137	
10.83	-0.000185751 0.0173499 -0.000106133	
10.84	-0.000185756 0.0173499 -0.000106129	
10.85	-0.000185762 0.0173499 -0.000106125	
10.86	-0.000185768 0.0173499 -0.000106121	
10.87	-0.000185773 0.0173499 -0.000106118	
10.88	-0.000185779 0.0173499 -0.000106114	
10.89	-0.000185785 0.0173499 -0.00010611	
10.9	-0.00018579 0.0173499 -0.000106106	
10.91	-0.000185796 0.0173499 -0.000106102	
10.92	-0.000185802 0.0173499 -0.000106098	
10.93	-0.000185807 0.0173499 -0.000106095	
10.94	-0.000185813 0.0173499 -0.000106091	
10.95	-0.000185819 0.0173499 -0.000106087	
10.96	-0.000185824 0.0173499 -0.000106083	
10.97	-0.00018583 0.0173499 -0.000106079	
10.98	-0.000185836 0.0173499 -0.000106076	
10.99	-0.000185841 0.0173499 -0.000106072	
11	-0.000185847 0.0173499 -0.000106068	
11.01	-0.000185853 0.0173499 -0.000106064	
11.02	-0.000185858 0.0173499 -0.00010606	
11.03	-0.000185864 0.0173499 -0.000106056	
11.04	-0.000185869 0.0173499 -0.000106053	
11.05	-0.000185875 0.0173499 -0.000106049	
11.06	-0.000185881 0.0173499 -0.000106045	
11.07	-0.000185886 0.0173499 -0.000106041	
11.08	-0.000185892 0.0173499 -0.000106037	
11.09	-0.000185898 0.0173499 -0.000106033	
11.1	-0.000185903 0.0173499 -0.000106029	
11.11	-0.000185909 0.0173499 -0.000106026	
11.12	-0.000185914 0.0173499 -0.000106022	
11.13	-0.00018592 0.0173499 -0.000106018	
11.14	-0.000185926 0.0173499 -0.000106014	
11.15	-0.000185931 0.0173499 -0.00010601	
11.16	-0.000185937 0.0173499 -0.000106006	
11.17	-0.000185942 0.0173499 -0.000106002	
11.18	-0.000185948 0.0173499 -0.000105999	
11.19	-0.000185953 0.0173499 -0.000105995	
11.2	-0.000185959 0.0173499 -0.000105991	
11.21	-0.000185965 0.0173499 -0.000105987	
11.22	-0.00018597 0.0173499 -0.000105983	
11.23	-0.000185976 0.0173499 -0.000105979	
11.24	-0.000185981 0.0173499 -0.000105975	
11.25	-0.000185987 0.0173499 -0.000105972	
11.26	-0.000185992 0.0173499 -0.000105968	
11.27	-0.000185998 0.0173499 -0.000105964	
11.28	-0.000186004 0.0173499 -0.00010596	
11.29	-0.000186009 0.0173499 -0.000105956	
11.3	-0.000186015 0.0173499 -0.000105952	
11.31	-0.00018602 0.0173499 -0.000105948	
11.32	-0.000186026 0.0173499 -0.000105945	
11.33	-0.000186031 0.0173499 -0.000105941	
11.34	-0.000186037 0.01735 -0.000105937	
11.35	-0.000186042 0.01735 -0.000105933	
11.36	-0.000186048 0.01735 -0.000105929	
11.37	-0.000186054 0.01735 -0.000105925	
11.38	-0.000186059 0.01735 -0.000105921	
11.39	-0.000186065 0.01735 -0.000105917	
11.4	-0.00018607 0.01735 -0.000105914	
11.41	-0.000186076 0.01735 -0.00010591	
11.42	-0.000186081 0.01735 -0.000105906	
11.43	-0.000186087 0.01735 -0.000105902	
11.44	-0.000186092 0.01735 -0.000105898	
11.45	-0.000186098 0.01735 -0.000105894	
11.46	-0.000186103 0.01735 -0.00010589	
11.47	-0.000186109 0.01735 -0.000105886	
11.48	-0.000186114 0.01735 -0.000105882	
11.49	-0.00018612 0.01735 -0.000105879	
11.5	-0.000186125 0.01735 -0.000105875	
11.51	-0.000186131 0.01735 -0.000105871	
11.52	-0.000186136 0.01735 -0.000105867	
11.53	-0.000186142 0.01735 -0.000105863	
11.54	-0.000186147 0.01735 -0.000105859	
11.55	-0.000186153 0.01735 -0.000105855	
11.56	-0.000186158 0.01735 -0.000105851	
11.57	-0.000186164 0.01735 -0.000105847	
11.58	-0.000186169 0.01735 -0.000105844	
11.59	-0.000186175 0.01735 -0.00010584	
11.6	-0.00018618 0.01735 -0.000105836	
11.61	-0.000186186 0.01735 -0.000105832	
11.62	-0.000186191 0.01735 -0.000105828	
11.63	-0.000186197 0.01735 -0.000105824	
11.64	-0.000186202 0.01735 -0.00010582	
11.65	-0.000186208 0.01735 -0.000105816	
11.66	-0.000186213 0.01735 -0.000105812	
11.67	-0.000186218 0.01735 -0.000105808	
11.68	-0.000186224 0.01735 -0.000105805	
11.69	-0.000186229 0.01735 -0.000105801	
11.7	-0.000186235 0.01735 -0.000105797	
11.71	-0.00018624 0.01735 -0.000105793	
11.72	-0.000186246 0.01735 -0.000105789	
11.73	-0.000186251 0.01735 -0.000105785	
11.74	-0.000186257 0.01735 -0.000105781	
11.75	-0.000186262 0.01735 -0.000105777	
11.76	-0.000186267 0.01735 -0.000105773	
11.77	-0.000186273 0.01735 -0.000105769	
11.78	-0.000186278 0.01735 -0.000105765	
