# Gnuplot File : positions of 1 particle(s) Monitored
# 1st Column : time, others : particle(s) number 97 
0.00	-0.00013563 0.015 -6.63758e-05
0.01	-0.000135661 0.0151499 -6.6367e-05	
0.02	-0.000135811 0.0153701 -6.64508e-05	
0.03	-0.000135706 0.0155865 -6.71382e-05	
0.04	-0.000135215 0.0157618 -6.72134e-05	
0.05	-0.000135032 0.0158905 -6.7192e-05	
0.06	-0.000134737 0.0159832 -6.73485e-05	
0.07	-0.00013438 0.016052 -6.73001e-05	
0.08	-0.000134016 0.0161044 -6.72148e-05	
0.09	-0.000133662 0.0161456 -6.71561e-05	
0.1	-0.000133571 0.0161785 -6.70413e-05	
0.11	-0.000133714 0.0162052 -6.68786e-05	
0.12	-0.000133882 0.0162273 -6.67423e-05	
0.13	-0.000134035 0.0162458 -6.66438e-05	
0.14	-0.000134157 0.0162613 -6.65831e-05	
0.15	-0.000134289 0.0162744 -6.66552e-05	
0.16	-0.000134426 0.0162855 -6.68302e-05	
0.17	-0.000134544 0.016295 -6.70285e-05	
0.18	-0.00013464 0.0163031 -6.72349e-05	
0.19	-0.000134717 0.0163101 -6.74411e-05	
0.2	-0.000134776 0.0163162 -6.76454e-05	
0.21	-0.000134822 0.0163214 -6.78455e-05	
0.22	-0.000134856 0.016326 -6.80425e-05	
0.23	-0.000134883 0.01633 -6.82349e-05	
0.24	-0.000134897 0.0163334 -6.84253e-05	
0.25	-0.000134904 0.0163365 -6.86084e-05	
0.26	-0.000134905 0.0163392 -6.87897e-05	
0.27	-0.000134902 0.0163415 -6.89654e-05	
0.28	-0.000134894 0.0163436 -6.9134e-05	
0.29	-0.000134885 0.0163455 -6.92976e-05	
0.3	-0.000134873 0.0163471 -6.9455e-05	
0.31	-0.000134861 0.0163486 -6.96056e-05	
0.32	-0.000134849 0.0163499 -6.97517e-05	
0.33	-0.000134838 0.016351 -6.9895e-05	
0.34	-0.000134827 0.0163521 -7.00283e-05	
0.35	-0.000134817 0.016353 -7.01592e-05	
0.36	-0.000134808 0.0163538 -7.02822e-05	
0.37	-0.0001348 0.0163546 -7.03986e-05	
0.38	-0.000134793 0.0163553 -7.05085e-05	
0.39	-0.000134788 0.0163559 -7.06119e-05	
0.4	-0.000134784 0.0163565 -7.07089e-05	
0.41	-0.000134781 0.016357 -7.07995e-05	
0.42	-0.000134779 0.0163574 -7.08836e-05	
0.43	-0.000134778 0.0163579 -7.09614e-05	
0.44	-0.000134779 0.0163582 -7.10328e-05	
0.45	-0.00013478 0.0163586 -7.10979e-05	
0.46	-0.000134783 0.0163589 -7.11568e-05	
0.47	-0.000134786 0.0163592 -7.12097e-05	
0.48	-0.00013479 0.0163594 -7.12566e-05	
0.49	-0.000134795 0.0163597 -7.12977e-05	
0.5	-0.0001348 0.0163599 -7.13332e-05	
0.51	-0.000134805 0.0163601 -7.13632e-05	
0.52	-0.000134811 0.0163603 -7.1388e-05	
0.53	-0.000134817 0.0163604 -7.14077e-05	
0.54	-0.000134823 0.0163606 -7.14226e-05	
0.55	-0.000134829 0.0163607 -7.14329e-05	
0.56	-0.000134835 0.0163608 -7.14388e-05	
0.57	-0.000134842 0.0163609 -7.14407e-05	
0.58	-0.000134848 0.016361 -7.14387e-05	
0.59	-0.000134854 0.0163611 -7.14331e-05	
0.6	-0.00013486 0.0163612 -7.14243e-05	
0.61	-0.000134866 0.0163613 -7.14123e-05	
0.62	-0.000134871 0.0163613 -7.13975e-05	
0.63	-0.000134877 0.0163614 -7.13802e-05	
0.64	-0.000134882 0.0163614 -7.1361e-05	
0.65	-0.000134886 0.0163615 -7.13408e-05	
0.66	-0.000134888 0.0163615 -7.13196e-05	
0.67	-0.000134891 0.0163616 -7.1298e-05	
0.68	-0.000134892 0.0163616 -7.12761e-05	
0.69	-0.000134894 0.0163616 -7.12541e-05	
0.7	-0.000134895 0.0163617 -7.12321e-05	
0.71	-0.000134897 0.0163617 -7.12101e-05	
0.72	-0.000134898 0.0163617 -7.11883e-05	
0.73	-0.000134899 0.0163618 -7.11667e-05	
0.74	-0.000134899 0.0163618 -7.11455e-05	
0.75	-0.0001349 0.0163618 -7.11248e-05	
0.76	-0.0001349 0.0163619 -7.11036e-05	
0.77	-0.0001349 0.0163619 -7.10844e-05	
0.78	-0.000134901 0.0163619 -7.10651e-05	
0.79	-0.0001349 0.0163619 -7.10457e-05	
0.8	-0.0001349 0.016362 -7.10281e-05	
0.81	-0.0001349 0.016362 -7.101e-05	
0.82	-0.0001349 0.016362 -7.09937e-05	
0.83	-0.000134899 0.016362 -7.09769e-05	
0.84	-0.0001349 0.016362 -7.09622e-05	
0.85	-0.000134899 0.0163621 -7.0947e-05	
0.86	-0.000134899 0.0163621 -7.0934e-05	
0.87	-0.000134898 0.0163621 -7.09204e-05	
0.88	-0.000134898 0.0163621 -7.09092e-05	
0.89	-0.000134897 0.0163621 -7.08972e-05	
0.9	-0.000134897 0.0163622 -7.08876e-05	
0.91	-0.000134896 0.0163622 -7.08773e-05	
0.92	-0.000134895 0.0163622 -7.08691e-05	
0.93	-0.000134894 0.0163622 -7.08604e-05	
0.94	-0.000134893 0.0163622 -7.08537e-05	
0.95	-0.000134891 0.0163622 -7.08463e-05	
0.96	-0.00013489 0.0163623 -7.08411e-05	
0.97	-0.000134889 0.0163623 -7.08354e-05	
0.98	-0.000134888 0.0163623 -7.08316e-05	
0.99	-0.000134887 0.0163623 -7.08276e-05	
1	-0.000134886 0.0163623 -7.08253e-05	
1.01	-0.000134885 0.0163623 -7.08227e-05	
1.02	-0.000134883 0.0163623 -7.08221e-05	
1.03	-0.000134882 0.0163624 -7.08209e-05	
1.04	-0.00013488 0.0163624 -7.08217e-05	
1.05	-0.000134878 0.0163624 -7.08218e-05	
1.06	-0.000134875 0.0163624 -7.08241e-05	
1.07	-0.000134874 0.0163624 -7.08253e-05	
1.08	-0.000134871 0.0163624 -7.0829e-05	
1.09	-0.000134869 0.0163624 -7.08315e-05	
1.1	-0.000134866 0.0163624 -7.08365e-05	
1.11	-0.000134863 0.0163625 -7.084e-05	
1.12	-0.00013486 0.0163625 -7.0846e-05	
1.13	-0.000134858 0.0163625 -7.08503e-05	
1.14	-0.000134854 0.0163625 -7.08572e-05	
1.15	-0.000134852 0.0163625 -7.08623e-05	
1.16	-0.000134849 0.0163625 -7.08697e-05	
1.17	-0.000134847 0.0163625 -7.08752e-05	
1.18	-0.000134844 0.0163626 -7.0883e-05	
1.19	-0.000134842 0.0163626 -7.08888e-05	
1.2	-0.000134838 0.0163626 -7.08968e-05	
1.21	-0.000134836 0.0163626 -7.09027e-05	
1.22	-0.000134833 0.0163626 -7.09108e-05	
1.23	-0.000134831 0.0163626 -7.09168e-05	
1.24	-0.000134828 0.0163626 -7.09249e-05	
1.25	-0.000134826 0.0163627 -7.09308e-05	
1.26	-0.000134823 0.0163627 -7.09388e-05	
1.27	-0.000134821 0.0163627 -7.09446e-05	
1.28	-0.000134818 0.0163627 -7.09524e-05	
1.29	-0.000134816 0.0163627 -7.09579e-05	
1.3	-0.000134813 0.0163627 -7.09655e-05	
1.31	-0.000134812 0.0163627 -7.09707e-05	
1.32	-0.000134808 0.0163628 -7.09786e-05	
1.33	-0.000134806 0.0163628 -7.09832e-05	
1.34	-0.000134803 0.0163628 -7.09901e-05	
1.35	-0.000134802 0.0163628 -7.09959e-05	
1.36	-0.000134799 0.0163628 -7.10024e-05	
1.37	-0.000134797 0.0163628 -7.10078e-05	
1.38	-0.000134795 0.0163628 -7.1014e-05	
1.39	-0.000134793 0.0163629 -7.10191e-05	
1.4	-0.000134791 0.0163629 -7.10249e-05	
1.41	-0.000134789 0.0163629 -7.10296e-05	
1.42	-0.000134787 0.0163629 -7.10351e-05	
1.43	-0.000134786 0.0163629 -7.10394e-05	
1.44	-0.000134784 0.0163629 -7.10444e-05	
1.45	-0.000134782 0.0163629 -7.10483e-05	
1.46	-0.000134779 0.0163629 -7.10535e-05	
1.47	-0.000134778 0.0163629 -7.10565e-05	
1.48	-0.000134776 0.016363 -7.10605e-05	
1.49	-0.000134775 0.016363 -7.10636e-05	
1.5	-0.000134772 0.016363 -7.10679e-05	
1.51	-0.000134771 0.016363 -7.107e-05	
1.52	-0.000134768 0.016363 -7.10738e-05	
1.53	-0.000134767 0.016363 -7.10755e-05	
1.54	-0.000134764 0.016363 -7.10788e-05	
1.55	-0.000134762 0.016363 -7.10802e-05	
1.56	-0.00013476 0.016363 -7.10832e-05	
1.57	-0.000134758 0.016363 -7.10842e-05	
1.58	-0.000134756 0.0163631 -7.10868e-05	
1.59	-0.000134754 0.0163631 -7.10875e-05	
1.6	-0.000134751 0.0163631 -7.10898e-05	
1.61	-0.00013475 0.0163631 -7.10902e-05	
1.62	-0.000134747 0.0163631 -7.10922e-05	
1.63	-0.000134746 0.0163631 -7.10924e-05	
1.64	-0.000134743 0.0163631 -7.10941e-05	
1.65	-0.000134742 0.0163631 -7.1094e-05	
1.66	-0.000134739 0.0163631 -7.10955e-05	
1.67	-0.000134737 0.0163631 -7.10952e-05	
1.68	-0.000134734 0.0163631 -7.10965e-05	
1.69	-0.000134733 0.0163632 -7.1096e-05	
1.7	-0.00013473 0.0163632 -7.1097e-05	
1.71	-0.000134729 0.0163632 -7.10965e-05	
1.72	-0.000134726 0.0163632 -7.10973e-05	
1.73	-0.000134724 0.0163632 -7.10966e-05	
1.74	-0.000134722 0.0163632 -7.10974e-05	
1.75	-0.00013472 0.0163632 -7.10966e-05	
1.76	-0.000134718 0.0163632 -7.10973e-05	
1.77	-0.000134716 0.0163632 -7.10964e-05	
1.78	-0.000134713 0.0163632 -7.10971e-05	
1.79	-0.000134712 0.0163632 -7.10962e-05	
1.8	-0.000134709 0.0163632 -7.10968e-05	
1.81	-0.000134708 0.0163633 -7.1096e-05	
1.82	-0.000134705 0.0163633 -7.10966e-05	
1.83	-0.000134704 0.0163633 -7.10958e-05	
1.84	-0.000134701 0.0163633 -7.10965e-05	
1.85	-0.0001347 0.0163633 -7.10957e-05	
1.86	-0.000134697 0.0163633 -7.10964e-05	
1.87	-0.000134696 0.0163633 -7.10957e-05	
1.88	-0.000134693 0.0163633 -7.10964e-05	
1.89	-0.000134692 0.0163633 -7.10958e-05	
1.9	-0.00013469 0.0163633 -7.10966e-05	
1.91	-0.000134688 0.0163633 -7.1096e-05	
1.92	-0.000134686 0.0163633 -7.10968e-05	
1.93	-0.000134684 0.0163634 -7.10972e-05	
1.94	-0.000134683 0.0163634 -7.10969e-05	
1.95	-0.00013468 0.0163634 -7.10978e-05	
1.96	-0.000134679 0.0163634 -7.10975e-05	
1.97	-0.000134676 0.0163634 -7.10985e-05	
1.98	-0.000134674 0.0163634 -7.10991e-05	
1.99	-0.000134673 0.0163634 -7.1099e-05	
2	-0.000134671 0.0163634 -7.11002e-05	
2.01	-0.000134669 0.0163634 -7.11001e-05	
2.02	-0.000134667 0.0163634 -7.11013e-05	
2.03	-0.000134666 0.0163634 -7.11013e-05	
2.04	-0.000134663 0.0163635 -7.11026e-05	
2.05	-0.000134661 0.0163635 -7.11036e-05	
2.06	-0.00013466 0.0163635 -7.11039e-05	
2.07	-0.000134658 0.0163635 -7.11053e-05	
2.08	-0.000134656 0.0163635 -7.11057e-05	
2.09	-0.000134654 0.0163635 -7.11072e-05	
2.1	-0.000134652 0.0163635 -7.11083e-05	
2.11	-0.000134651 0.0163635 -7.11089e-05	
2.12	-0.000134648 0.0163635 -7.11105e-05	
2.13	-0.000134647 0.0163635 -7.11111e-05	
2.14	-0.000134645 0.0163635 -7.11128e-05	
2.15	-0.000134643 0.0163636 -7.11141e-05	
2.16	-0.000134642 0.0163636 -7.11147e-05	
2.17	-0.000134639 0.0163636 -7.11165e-05	
2.18	-0.000134637 0.0163636 -7.11179e-05	
2.19	-0.000134637 0.0163636 -7.11186e-05	
2.2	-0.000134634 0.0163636 -7.11204e-05	
2.21	-0.000134632 0.0163636 -7.11218e-05	
2.22	-0.000134631 0.0163636 -7.11225e-05	
2.23	-0.000134629 0.0163636 -7.11244e-05	
2.24	-0.000134627 0.0163636 -7.11258e-05	
2.25	-0.000134626 0.0163636 -7.11265e-05	
2.26	-0.000134624 0.0163637 -7.11284e-05	
2.27	-0.000134622 0.0163637 -7.11298e-05	
2.28	-0.000134621 0.0163637 -7.11306e-05	
2.29	-0.000134619 0.0163637 -7.11324e-05	
2.3	-0.000134617 0.0163637 -7.11339e-05	
2.31	-0.000134616 0.0163637 -7.11346e-05	
2.32	-0.000134614 0.0163637 -7.11365e-05	
2.33	-0.000134612 0.0163637 -7.11379e-05	
2.34	-0.000134611 0.0163637 -7.11386e-05	
2.35	-0.000134609 0.0163637 -7.11405e-05	
2.36	-0.000134607 0.0163638 -7.11419e-05	
2.37	-0.000134606 0.0163638 -7.11426e-05	
2.38	-0.000134604 0.0163638 -7.11444e-05	
2.39	-0.000134602 0.0163638 -7.11458e-05	
2.4	-0.000134601 0.0163638 -7.11465e-05	
2.41	-0.000134599 0.0163638 -7.11483e-05	
2.42	-0.000134597 0.0163638 -7.11496e-05	
2.43	-0.000134597 0.0163638 -7.11502e-05	
2.44	-0.000134594 0.0163638 -7.1152e-05	
2.45	-0.000134593 0.0163638 -7.11533e-05	
2.46	-0.000134592 0.0163638 -7.11539e-05	
2.47	-0.00013459 0.0163639 -7.11557e-05	
2.48	-0.000134588 0.0163639 -7.11569e-05	
2.49	-0.000134587 0.0163639 -7.11576e-05	
2.5	-0.000134585 0.0163639 -7.1159e-05	
2.51	-0.000134583 0.0163639 -7.11601e-05	
2.52	-0.000134583 0.0163639 -7.11608e-05	
2.53	-0.000134581 0.0163639 -7.11621e-05	
2.54	-0.000134579 0.0163639 -7.11632e-05	
2.55	-0.000134578 0.0163639 -7.11638e-05	
2.56	-0.000134576 0.0163639 -7.11651e-05	
2.57	-0.000134575 0.016364 -7.11661e-05	
2.58	-0.000134574 0.016364 -7.11666e-05	
2.59	-0.000134572 0.016364 -7.11679e-05	
2.6	-0.00013457 0.016364 -7.11689e-05	
2.61	-0.000134569 0.016364 -7.11693e-05	
2.62	-0.000134568 0.016364 -7.11706e-05	
2.63	-0.000134566 0.016364 -7.11715e-05	
2.64	-0.000134565 0.016364 -7.11719e-05	
2.65	-0.000134563 0.016364 -7.11731e-05	
2.66	-0.000134562 0.016364 -7.11739e-05	
2.67	-0.000134561 0.016364 -7.11743e-05	
2.68	-0.000134559 0.0163641 -7.11754e-05	
2.69	-0.000134557 0.0163641 -7.11763e-05	
2.7	-0.000134556 0.0163641 -7.11766e-05	
2.71	-0.000134555 0.0163641 -7.11777e-05	
2.72	-0.000134553 0.0163641 -7.11785e-05	
2.73	-0.000134552 0.0163641 -7.11788e-05	
2.74	-0.00013455 0.0163641 -7.11799e-05	
2.75	-0.000134549 0.0163641 -7.11806e-05	
2.76	-0.000134547 0.0163641 -7.11813e-05	
2.77	-0.000134546 0.0163641 -7.11816e-05	
2.78	-0.000134545 0.0163641 -7.11826e-05	
2.79	-0.000134543 0.0163642 -7.11833e-05	
2.8	-0.000134542 0.0163642 -7.1184e-05	
2.81	-0.000134541 0.0163642 -7.11842e-05	
2.82	-0.000134539 0.0163642 -7.11852e-05	
2.83	-0.000134537 0.0163642 -7.1186e-05	
2.84	-0.000134536 0.0163642 -7.11866e-05	
2.85	-0.000134535 0.0163642 -7.11868e-05	
2.86	-0.000134533 0.0163642 -7.11878e-05	
2.87	-0.000134532 0.0163642 -7.11885e-05	
2.88	-0.00013453 0.0163642 -7.11892e-05	
2.89	-0.000134529 0.0163643 -7.11898e-05	
2.9	-0.000134528 0.0163643 -7.119e-05	
2.91	-0.000134526 0.0163643 -7.1191e-05	
2.92	-0.000134525 0.0163643 -7.11917e-05	
2.93	-0.000134523 0.0163643 -7.11924e-05	
2.94	-0.000134522 0.0163643 -7.1193e-05	
2.95	-0.000134521 0.0163643 -7.11936e-05	
2.96	-0.000134519 0.0163643 -7.11943e-05	
2.97	-0.000134518 0.0163643 -7.11949e-05	
2.98	-0.000134516 0.0163643 -7.11956e-05	
2.99	-0.000134515 0.0163643 -7.11962e-05	
3	-0.000134514 0.0163644 -7.11968e-05	
3.01	-0.000134512 0.0163644 -7.11975e-05	
3.02	-0.000134511 0.0163644 -7.11982e-05	
3.03	-0.000134509 0.0163644 -7.11988e-05	
3.04	-0.000134508 0.0163644 -7.11995e-05	
3.05	-0.000134507 0.0163644 -7.12002e-05	
3.06	-0.000134505 0.0163644 -7.12008e-05	
3.07	-0.000134504 0.0163644 -7.12015e-05	
3.08	-0.000134502 0.0163644 -7.12022e-05	
3.09	-0.000134501 0.0163644 -7.12029e-05	
3.1	-0.0001345 0.0163644 -7.12035e-05	
3.11	-0.000134498 0.0163645 -7.12042e-05	
3.12	-0.000134497 0.0163645 -7.12049e-05	
3.13	-0.000134496 0.0163645 -7.12056e-05	
3.14	-0.000134494 0.0163645 -7.12063e-05	
3.15	-0.000134493 0.0163645 -7.1207e-05	
3.16	-0.000134491 0.0163645 -7.12077e-05	
3.17	-0.00013449 0.0163645 -7.12084e-05	
3.18	-0.000134489 0.0163645 -7.12092e-05	
3.19	-0.000134487 0.0163645 -7.12099e-05	
3.2	-0.000134486 0.0163645 -7.12106e-05	
3.21	-0.000134485 0.0163645 -7.12113e-05	
3.22	-0.000134483 0.0163646 -7.1212e-05	
3.23	-0.000134482 0.0163646 -7.12128e-05	
3.24	-0.00013448 0.0163646 -7.12135e-05	
3.25	-0.000134479 0.0163646 -7.12142e-05	
3.26	-0.000134478 0.0163646 -7.12149e-05	
3.27	-0.000134476 0.0163646 -7.12157e-05	
3.28	-0.000134475 0.0163646 -7.12164e-05	
3.29	-0.000134474 0.0163646 -7.12172e-05	
3.3	-0.000134472 0.0163646 -7.12179e-05	
3.31	-0.000134471 0.0163646 -7.12186e-05	
3.32	-0.00013447 0.0163647 -7.12194e-05	
3.33	-0.000134468 0.0163647 -7.12201e-05	
3.34	-0.000134467 0.0163647 -7.12209e-05	
3.35	-0.000134466 0.0163647 -7.12216e-05	
3.36	-0.000134464 0.0163647 -7.12223e-05	
3.37	-0.000134463 0.0163647 -7.12231e-05	
3.38	-0.000134462 0.0163647 -7.12238e-05	
3.39	-0.00013446 0.0163647 -7.12246e-05	
3.4	-0.000134459 0.0163647 -7.12253e-05	
3.41	-0.000134458 0.0163647 -7.12261e-05	
3.42	-0.000134456 0.0163647 -7.12268e-05	
3.43	-0.000134455 0.0163648 -7.12275e-05	
3.44	-0.000134454 0.0163648 -7.12283e-05	
3.45	-0.000134452 0.0163648 -7.1229e-05	
3.46	-0.000134451 0.0163648 -7.12298e-05	
3.47	-0.000134449 0.0163648 -7.12311e-05	
3.48	-0.000134447 0.0163648 -7.12319e-05	
3.49	-0.000134446 0.0163648 -7.12318e-05	
3.5	-0.000134444 0.0163648 -7.12333e-05	
3.51	-0.000134442 0.0163648 -7.12343e-05	
3.52	-0.000134441 0.0163648 -7.1234e-05	
3.53	-0.000134438 0.0163649 -7.12356e-05	
3.54	-0.000134437 0.0163649 -7.12365e-05	
3.55	-0.000134435 0.0163649 -7.12373e-05	
3.56	-0.000134434 0.0163649 -7.12375e-05	
3.57	-0.000134433 0.0163649 -7.12387e-05	
3.58	-0.000134431 0.0163649 -7.12395e-05	
3.59	-0.00013443 0.0163649 -7.12403e-05	
3.6	-0.000134428 0.0163649 -7.12403e-05	
3.61	-0.000134427 0.0163649 -7.12414e-05	
3.62	-0.000134425 0.0163649 -7.12423e-05	
3.63	-0.000134424 0.0163649 -7.1243e-05	
3.64	-0.000134422 0.016365 -7.12429e-05	
3.65	-0.00013442 0.016365 -7.1244e-05	
3.66	-0.000134419 0.016365 -7.12449e-05	
3.67	-0.000134417 0.016365 -7.12456e-05	
3.68	-0.000134416 0.016365 -7.12463e-05	
3.69	-0.000134414 0.016365 -7.12461e-05	
3.7	-0.000134412 0.016365 -7.12472e-05	
3.71	-0.00013441 0.016365 -7.12479e-05	
3.72	-0.000134408 0.016365 -7.12485e-05	
3.73	-0.000134406 0.016365 -7.12489e-05	
3.74	-0.000134404 0.0163651 -7.12494e-05	
3.75	-0.000134402 0.0163651 -7.12498e-05	
3.76	-0.0001344 0.0163651 -7.12502e-05	
3.77	-0.000134397 0.0163651 -7.12506e-05	
3.78	-0.000134395 0.0163651 -7.12509e-05	
3.79	-0.000134392 0.0163651 -7.12512e-05	
3.8	-0.00013439 0.0163651 -7.12515e-05	
3.81	-0.000134387 0.0163651 -7.12518e-05	
3.82	-0.000134385 0.0163651 -7.12521e-05	
3.83	-0.000134382 0.0163651 -7.12523e-05	
3.84	-0.000134379 0.0163652 -7.12525e-05	
3.85	-0.000134376 0.0163652 -7.12528e-05	
3.86	-0.000134374 0.0163652 -7.12529e-05	
3.87	-0.000134371 0.0163652 -7.12531e-05	
3.88	-0.000134368 0.0163652 -7.12533e-05	
3.89	-0.000134365 0.0163652 -7.12534e-05	
3.9	-0.000134362 0.0163652 -7.12536e-05	
3.91	-0.000134359 0.0163652 -7.12538e-05	
3.92	-0.000134356 0.0163652 -7.12541e-05	
3.93	-0.000134353 0.0163653 -7.12543e-05	
3.94	-0.00013435 0.0163653 -7.12546e-05	
3.95	-0.000134347 0.0163653 -7.12549e-05	
3.96	-0.000134345 0.0163653 -7.12552e-05	
3.97	-0.000134342 0.0163653 -7.12555e-05	
3.98	-0.000134339 0.0163653 -7.12559e-05	
3.99	-0.000134337 0.0163653 -7.12563e-05	
4	-0.000134334 0.0163653 -7.12567e-05	
4.01	-0.000134331 0.0163653 -7.12571e-05	
4.02	-0.000134329 0.0163653 -7.12575e-05	
4.03	-0.000134326 0.0163654 -7.1258e-05	
4.04	-0.000134324 0.0163654 -7.12584e-05	
4.05	-0.000134321 0.0163654 -7.12589e-05	
4.06	-0.000134319 0.0163654 -7.12594e-05	
4.07	-0.000134316 0.0163654 -7.126e-05	
4.08	-0.000134314 0.0163654 -7.12605e-05	
4.09	-0.000134312 0.0163654 -7.12611e-05	
4.1	-0.000134309 0.0163654 -7.12617e-05	
4.11	-0.000134307 0.0163654 -7.12623e-05	
4.12	-0.000134305 0.0163654 -7.12629e-05	
4.13	-0.000134302 0.0163655 -7.12635e-05	
4.14	-0.0001343 0.0163655 -7.12642e-05	
4.15	-0.000134298 0.0163655 -7.12648e-05	
4.16	-0.000134296 0.0163655 -7.12655e-05	
4.17	-0.000134294 0.0163655 -7.12662e-05	
4.18	-0.000134292 0.0163655 -7.12668e-05	
4.19	-0.00013429 0.0163655 -7.12675e-05	
4.2	-0.000134288 0.0163655 -7.12681e-05	
4.21	-0.000134286 0.0163655 -7.12687e-05	
4.22	-0.000134284 0.0163656 -7.12692e-05	
4.23	-0.000134283 0.0163656 -7.12698e-05	
4.24	-0.000134281 0.0163656 -7.12703e-05	
4.25	-0.000134279 0.0163656 -7.12709e-05	
4.26	-0.000134278 0.0163656 -7.12715e-05	
4.27	-0.000134276 0.0163656 -7.12721e-05	
4.28	-0.000134275 0.0163656 -7.12728e-05	
4.29	-0.000134273 0.0163656 -7.12734e-05	
4.3	-0.000134272 0.0163656 -7.1274e-05	
4.31	-0.00013427 0.0163656 -7.12747e-05	
4.32	-0.000134268 0.0163657 -7.12753e-05	
4.33	-0.000134267 0.0163657 -7.1276e-05	
4.34	-0.000134265 0.0163657 -7.12767e-05	
4.35	-0.000134264 0.0163657 -7.12773e-05	
4.36	-0.000134262 0.0163657 -7.1278e-05	
4.37	-0.000134261 0.0163657 -7.12786e-05	
4.38	-0.000134259 0.0163657 -7.12793e-05	
4.39	-0.000134258 0.0163657 -7.128e-05	
4.4	-0.000134257 0.0163657 -7.12806e-05	
4.41	-0.000134255 0.0163658 -7.12813e-05	
4.42	-0.000134254 0.0163658 -7.12819e-05	
4.43	-0.000134252 0.0163658 -7.12826e-05	
4.44	-0.000134251 0.0163658 -7.12832e-05	
4.45	-0.000134249 0.0163658 -7.12839e-05	
4.46	-0.000134248 0.0163658 -7.12845e-05	
4.47	-0.000134247 0.0163658 -7.12852e-05	
4.48	-0.000134245 0.0163658 -7.12858e-05	
4.49	-0.000134244 0.0163658 -7.12865e-05	
4.5	-0.000134242 0.0163658 -7.12871e-05	
4.51	-0.000134241 0.0163659 -7.12878e-05	
4.52	-0.00013424 0.0163659 -7.12884e-05	
4.53	-0.000134238 0.0163659 -7.12891e-05	
4.54	-0.000134237 0.0163659 -7.12897e-05	
4.55	-0.000134236 0.0163659 -7.12903e-05	
4.56	-0.000134234 0.0163659 -7.1291e-05	
4.57	-0.000134233 0.0163659 -7.12916e-05	
4.58	-0.000134232 0.0163659 -7.12923e-05	
4.59	-0.00013423 0.0163659 -7.12929e-05	
4.6	-0.000134229 0.0163659 -7.12935e-05	
4.61	-0.000134228 0.016366 -7.12942e-05	
4.62	-0.000134227 0.016366 -7.12948e-05	
4.63	-0.000134225 0.016366 -7.12955e-05	
4.64	-0.000134224 0.016366 -7.12961e-05	
4.65	-0.000134223 0.016366 -7.12967e-05	
4.66	-0.000134221 0.016366 -7.12974e-05	
4.67	-0.00013422 0.016366 -7.1298e-05	
4.68	-0.000134219 0.016366 -7.12987e-05	
4.69	-0.000134218 0.016366 -7.12993e-05	
4.7	-0.000134217 0.016366 -7.12999e-05	
4.71	-0.000134215 0.0163661 -7.13006e-05	
4.72	-0.000134214 0.0163661 -7.13012e-05	
4.73	-0.000134213 0.0163661 -7.13018e-05	
4.74	-0.000134212 0.0163661 -7.13025e-05	
4.75	-0.000134211 0.0163661 -7.13031e-05	
4.76	-0.000134209 0.0163661 -7.13037e-05	
4.77	-0.000134208 0.0163661 -7.13044e-05	
4.78	-0.000134207 0.0163661 -7.1305e-05	
4.79	-0.000134206 0.0163661 -7.13057e-05	
4.8	-0.000134205 0.0163661 -7.13063e-05	
4.81	-0.000134203 0.0163662 -7.13069e-05	
4.82	-0.000134202 0.0163662 -7.13076e-05	
4.83	-0.000134201 0.0163662 -7.13082e-05	
4.84	-0.0001342 0.0163662 -7.13088e-05	
4.85	-0.000134199 0.0163662 -7.13095e-05	
4.86	-0.000134198 0.0163662 -7.13101e-05	
4.87	-0.000134197 0.0163662 -7.13108e-05	
4.88	-0.000134196 0.0163662 -7.13114e-05	
4.89	-0.000134194 0.0163662 -7.13121e-05	
4.9	-0.000134193 0.0163662 -7.13127e-05	
4.91	-0.000134192 0.0163663 -7.13133e-05	
4.92	-0.000134191 0.0163663 -7.1314e-05	
4.93	-0.00013419 0.0163663 -7.13146e-05	
4.94	-0.000134189 0.0163663 -7.13153e-05	
4.95	-0.000134188 0.0163663 -7.13159e-05	
4.96	-0.000134187 0.0163663 -7.13166e-05	
4.97	-0.000134186 0.0163663 -7.13172e-05	
4.98	-0.000134185 0.0163663 -7.13179e-05	
4.99	-0.000134184 0.0163663 -7.13185e-05	
5	-0.000134183 0.0163663 -7.13192e-05	
5.01	-0.000134182 0.0163664 -7.13198e-05	
5.02	-0.00013418 0.0163664 -7.13205e-05	
5.03	-0.000134179 0.0163664 -7.13211e-05	
5.04	-0.000134178 0.0163664 -7.13218e-05	
5.05	-0.000134177 0.0163664 -7.13224e-05	
5.06	-0.000134176 0.0163664 -7.13231e-05	
5.07	-0.000134175 0.0163664 -7.13238e-05	
5.08	-0.000134174 0.0163664 -7.13244e-05	
5.09	-0.000134173 0.0163664 -7.13251e-05	
5.1	-0.000134172 0.0163664 -7.13257e-05	
5.11	-0.000134171 0.0163664 -7.13264e-05	
5.12	-0.00013417 0.0163665 -7.13271e-05	
5.13	-0.000134169 0.0163665 -7.13277e-05	
5.14	-0.000134168 0.0163665 -7.13284e-05	
5.15	-0.000134167 0.0163665 -7.13291e-05	
5.16	-0.000134167 0.0163665 -7.13297e-05	
5.17	-0.000134166 0.0163665 -7.13304e-05	
5.18	-0.000134165 0.0163665 -7.13311e-05	
5.19	-0.000134164 0.0163665 -7.13317e-05	
5.2	-0.000134163 0.0163665 -7.13324e-05	
5.21	-0.000134162 0.0163665 -7.13331e-05	
5.22	-0.000134161 0.0163666 -7.13338e-05	
5.23	-0.00013416 0.0163666 -7.13344e-05	
5.24	-0.000134159 0.0163666 -7.13351e-05	
5.25	-0.000134158 0.0163666 -7.13358e-05	
5.26	-0.000134157 0.0163666 -7.13365e-05	
5.27	-0.000134156 0.0163666 -7.13372e-05	
5.28	-0.000134155 0.0163666 -7.13379e-05	
5.29	-0.000134155 0.0163666 -7.13385e-05	
5.3	-0.000134154 0.0163666 -7.13392e-05	
5.31	-0.000134153 0.0163666 -7.13399e-05	
5.32	-0.000134152 0.0163666 -7.13406e-05	
5.33	-0.000134151 0.0163667 -7.13413e-05	
5.34	-0.00013415 0.0163667 -7.1342e-05	
5.35	-0.000134149 0.0163667 -7.13427e-05	
5.36	-0.000134148 0.0163667 -7.13434e-05	
5.37	-0.000134148 0.0163667 -7.13441e-05	
5.38	-0.000134147 0.0163667 -7.13448e-05	
5.39	-0.000134146 0.0163667 -7.13455e-05	
5.4	-0.000134145 0.0163667 -7.13462e-05	
5.41	-0.000134144 0.0163667 -7.13469e-05	
5.42	-0.000134143 0.0163667 -7.13477e-05	
5.43	-0.000134143 0.0163667 -7.13484e-05	
5.44	-0.000134142 0.0163668 -7.13491e-05	
5.45	-0.000134141 0.0163668 -7.13498e-05	
5.46	-0.00013414 0.0163668 -7.13505e-05	
5.47	-0.000134139 0.0163668 -7.13513e-05	
5.48	-0.000134139 0.0163668 -7.1352e-05	
5.49	-0.000134138 0.0163668 -7.13527e-05	
5.5	-0.000134137 0.0163668 -7.13534e-05	
5.51	-0.000134136 0.0163668 -7.13542e-05	
5.52	-0.000134136 0.0163668 -7.13549e-05	
5.53	-0.000134135 0.0163668 -7.13556e-05	
5.54	-0.000134134 0.0163668 -7.13564e-05	
5.55	-0.000134133 0.0163669 -7.13571e-05	
5.56	-0.000134132 0.0163669 -7.13579e-05	
5.57	-0.000134132 0.0163669 -7.13586e-05	
5.58	-0.000134131 0.0163669 -7.13594e-05	
5.59	-0.00013413 0.0163669 -7.13601e-05	
5.6	-0.00013413 0.0163669 -7.13608e-05	
5.61	-0.000134129 0.0163669 -7.13616e-05	
5.62	-0.000134128 0.0163669 -7.13624e-05	
5.63	-0.000134127 0.0163669 -7.13631e-05	
5.64	-0.000134127 0.0163669 -7.13639e-05	
5.65	-0.000134126 0.0163669 -7.13646e-05	
5.66	-0.000134125 0.016367 -7.13654e-05	
5.67	-0.000134125 0.016367 -7.13662e-05	
5.68	-0.000134124 0.016367 -7.13669e-05	
5.69	-0.000134123 0.016367 -7.13677e-05	
5.7	-0.000134123 0.016367 -7.13685e-05	
5.71	-0.000134122 0.016367 -7.13692e-05	
5.72	-0.000134121 0.016367 -7.137e-05	
5.73	-0.000134121 0.016367 -7.13708e-05	
5.74	-0.00013412 0.016367 -7.13716e-05	
5.75	-0.000134119 0.016367 -7.13724e-05	
5.76	-0.000134119 0.016367 -7.13732e-05	
5.77	-0.000134118 0.0163671 -7.1374e-05	
5.78	-0.000134117 0.0163671 -7.13747e-05	
5.79	-0.000134117 0.0163671 -7.13756e-05	
5.8	-0.000134116 0.0163671 -7.13764e-05	
5.81	-0.000134115 0.0163671 -7.13772e-05	
5.82	-0.000134115 0.0163671 -7.1378e-05	
5.83	-0.000134114 0.0163671 -7.13788e-05	
5.84	-0.000134114 0.0163671 -7.13796e-05	
5.85	-0.000134113 0.0163671 -7.13804e-05	
5.86	-0.000134112 0.0163671 -7.13812e-05	
5.87	-0.000134112 0.0163671 -7.1382e-05	
5.88	-0.000134111 0.0163672 -7.13829e-05	
5.89	-0.000134111 0.0163672 -7.13837e-05	
5.9	-0.00013411 0.0163672 -7.13845e-05	
5.91	-0.000134109 0.0163672 -7.13853e-05	
5.92	-0.000134109 0.0163672 -7.13862e-05	
5.93	-0.000134108 0.0163672 -7.1387e-05	
5.94	-0.000134108 0.0163672 -7.13879e-05	
5.95	-0.000134107 0.0163672 -7.13887e-05	
5.96	-0.000134107 0.0163672 -7.13895e-05	
5.97	-0.000134106 0.0163672 -7.13904e-05	
5.98	-0.000134106 0.0163672 -7.13912e-05	
5.99	-0.000134105 0.0163672 -7.13921e-05	
6	-0.000134104 0.0163673 -7.13929e-05	
6.01	-0.000134104 0.0163673 -7.13938e-05	
6.02	-0.000134103 0.0163673 -7.13947e-05	
6.03	-0.000134103 0.0163673 -7.13955e-05	
6.04	-0.000134102 0.0163673 -7.13964e-05	
6.05	-0.000134102 0.0163673 -7.13973e-05	
6.06	-0.000134101 0.0163673 -7.13981e-05	
6.07	-0.000134101 0.0163673 -7.1399e-05	
6.08	-0.0001341 0.0163673 -7.13999e-05	
6.09	-0.0001341 0.0163673 -7.14008e-05	
6.1	-0.000134099 0.0163673 -7.14017e-05	
6.11	-0.000134099 0.0163674 -7.14025e-05	
6.12	-0.000134098 0.0163674 -7.14034e-05	
6.13	-0.000134098 0.0163674 -7.14043e-05	
6.14	-0.000134097 0.0163674 -7.14052e-05	
6.15	-0.000134097 0.0163674 -7.14061e-05	
6.16	-0.000134096 0.0163674 -7.1407e-05	
6.17	-0.000134096 0.0163674 -7.14079e-05	
6.18	-0.000134096 0.0163674 -7.14088e-05	
6.19	-0.000134095 0.0163674 -7.14098e-05	
6.2	-0.000134095 0.0163674 -7.14107e-05	
6.21	-0.000134094 0.0163674 -7.14116e-05	
6.22	-0.000134094 0.0163674 -7.14125e-05	
6.23	-0.000134093 0.0163675 -7.14134e-05	
6.24	-0.000134093 0.0163675 -7.14144e-05	
6.25	-0.000134093 0.0163675 -7.14153e-05	
6.26	-0.000134092 0.0163675 -7.14162e-05	
6.27	-0.000134092 0.0163675 -7.14172e-05	
6.28	-0.000134091 0.0163675 -7.14181e-05	
6.29	-0.000134091 0.0163675 -7.1419e-05	
6.3	-0.00013409 0.0163675 -7.142e-05	
6.31	-0.00013409 0.0163675 -7.14209e-05	
6.32	-0.00013409 0.0163675 -7.14219e-05	
6.33	-0.000134089 0.0163675 -7.14228e-05	
6.34	-0.000134089 0.0163675 -7.14238e-05	
6.35	-0.000134089 0.0163676 -7.14247e-05	
6.36	-0.000134088 0.0163676 -7.14257e-05	
6.37	-0.000134088 0.0163676 -7.14267e-05	
6.38	-0.000134087 0.0163676 -7.14276e-05	
6.39	-0.000134087 0.0163676 -7.14286e-05	
6.4	-0.000134087 0.0163676 -7.14296e-05	
6.41	-0.000134086 0.0163676 -7.14306e-05	
6.42	-0.000134086 0.0163676 -7.14315e-05	
6.43	-0.000134086 0.0163676 -7.14325e-05	
6.44	-0.000134085 0.0163676 -7.14335e-05	
6.45	-0.000134085 0.0163676 -7.14345e-05	
6.46	-0.000134085 0.0163676 -7.14355e-05	
6.47	-0.000134084 0.0163677 -7.14365e-05	
6.48	-0.000134084 0.0163677 -7.14375e-05	
6.49	-0.000134084 0.0163677 -7.14385e-05	
6.5	-0.000134083 0.0163677 -7.14395e-05	
6.51	-0.000134083 0.0163677 -7.14405e-05	
6.52	-0.000134083 0.0163677 -7.14415e-05	
6.53	-0.000134082 0.0163677 -7.14425e-05	
6.54	-0.000134082 0.0163677 -7.14436e-05	
6.55	-0.000134082 0.0163677 -7.14446e-05	
6.56	-0.000134081 0.0163677 -7.14456e-05	
6.57	-0.000134081 0.0163677 -7.14466e-05	
6.58	-0.000134081 0.0163677 -7.14476e-05	
6.59	-0.000134081 0.0163678 -7.14487e-05	
6.6	-0.00013408 0.0163678 -7.14497e-05	
6.61	-0.00013408 0.0163678 -7.14507e-05	
6.62	-0.00013408 0.0163678 -7.14518e-05	
6.63	-0.00013408 0.0163678 -7.14528e-05	
6.64	-0.000134079 0.0163678 -7.14538e-05	
6.65	-0.000134079 0.0163678 -7.14549e-05	
6.66	-0.000134079 0.0163678 -7.14559e-05	
6.67	-0.000134079 0.0163678 -7.1457e-05	
6.68	-0.000134078 0.0163678 -7.1458e-05	
6.69	-0.000134078 0.0163678 -7.14591e-05	
6.7	-0.000134078 0.0163678 -7.14601e-05	
6.71	-0.000134078 0.0163679 -7.14612e-05	
6.72	-0.000134077 0.0163679 -7.14622e-05	
6.73	-0.000134077 0.0163679 -7.14633e-05	
6.74	-0.000134077 0.0163679 -7.14644e-05	
6.75	-0.000134077 0.0163679 -7.14654e-05	
6.76	-0.000134076 0.0163679 -7.14665e-05	
6.77	-0.000134076 0.0163679 -7.14676e-05	
6.78	-0.000134076 0.0163679 -7.14686e-05	
6.79	-0.000134076 0.0163679 -7.14697e-05	
6.8	-0.000134076 0.0163679 -7.14708e-05	
6.81	-0.000134075 0.0163679 -7.14719e-05	
6.82	-0.000134075 0.0163679 -7.1473e-05	
6.83	-0.000134075 0.0163679 -7.14741e-05	
6.84	-0.000134075 0.016368 -7.14752e-05	
6.85	-0.000134075 0.016368 -7.14763e-05	
6.86	-0.000134074 0.016368 -7.14774e-05	
6.87	-0.000134074 0.016368 -7.14785e-05	
6.88	-0.000134074 0.016368 -7.14796e-05	
6.89	-0.000134074 0.016368 -7.14807e-05	
6.9	-0.000134074 0.016368 -7.14818e-05	
6.91	-0.000134074 0.016368 -7.14829e-05	
6.92	-0.000134074 0.016368 -7.1484e-05	
6.93	-0.000134073 0.016368 -7.14851e-05	
6.94	-0.000134073 0.016368 -7.14862e-05	
6.95	-0.000134073 0.016368 -7.14873e-05	
6.96	-0.000134073 0.016368 -7.14884e-05	
6.97	-0.000134073 0.0163681 -7.14895e-05	
6.98	-0.000134073 0.0163681 -7.14906e-05	
6.99	-0.000134073 0.0163681 -7.14918e-05	
7	-0.000134072 0.0163681 -7.14929e-05	
7.01	-0.000134072 0.0163681 -7.1494e-05	
7.02	-0.000134072 0.0163681 -7.14951e-05	
7.03	-0.000134072 0.0163681 -7.14962e-05	
7.04	-0.000134072 0.0163681 -7.14973e-05	
7.05	-0.000134072 0.0163681 -7.14985e-05	
7.06	-0.000134072 0.0163681 -7.14996e-05	
7.07	-0.000134072 0.0163681 -7.15007e-05	
7.08	-0.000134072 0.0163681 -7.15019e-05	
7.09	-0.000134071 0.0163681 -7.1503e-05	
7.1	-0.000134071 0.0163682 -7.15041e-05	
7.11	-0.00013407 0.0163682 -7.15059e-05	
7.12	-0.00013407 0.0163682 -7.15072e-05	
7.13	-0.000134071 0.0163682 -7.15078e-05	
7.14	-0.00013407 0.0163682 -7.15097e-05	
7.15	-0.000134069 0.0163682 -7.15111e-05	
7.16	-0.00013407 0.0163682 -7.15118e-05	
7.17	-0.000134069 0.0163682 -7.15137e-05	
7.18	-0.000134068 0.0163682 -7.15151e-05	
7.19	-0.000134069 0.0163682 -7.15157e-05	
7.2	-0.000134068 0.0163682 -7.15176e-05	
7.21	-0.000134068 0.0163682 -7.1519e-05	
7.22	-0.000134069 0.0163683 -7.15197e-05	
7.23	-0.000134068 0.0163683 -7.15215e-05	
7.24	-0.000134067 0.0163683 -7.15229e-05	
7.25	-0.000134068 0.0163683 -7.15236e-05	
7.26	-0.000134067 0.0163683 -7.15255e-05	
7.27	-0.000134067 0.0163683 -7.15268e-05	
7.28	-0.000134068 0.0163683 -7.15275e-05	
7.29	-0.000134067 0.0163683 -7.15294e-05	
7.3	-0.000134066 0.0163683 -7.15308e-05	
7.31	-0.000134067 0.0163683 -7.15314e-05	
7.32	-0.000134066 0.0163683 -7.15333e-05	
7.33	-0.000134066 0.0163683 -7.15347e-05	
7.34	-0.000134067 0.0163684 -7.15354e-05	
7.35	-0.000134066 0.0163684 -7.15372e-05	
7.36	-0.000134066 0.0163684 -7.15386e-05	
7.37	-0.000134067 0.0163684 -7.15393e-05	
7.38	-0.000134066 0.0163684 -7.15411e-05	
7.39	-0.000134065 0.0163684 -7.15425e-05	
7.4	-0.000134066 0.0163684 -7.15432e-05	
7.41	-0.000134065 0.0163684 -7.15451e-05	
7.42	-0.000134065 0.0163684 -7.15464e-05	
7.43	-0.000134066 0.0163684 -7.15471e-05	
7.44	-0.000134065 0.0163684 -7.1549e-05	
7.45	-0.000134065 0.0163684 -7.15504e-05	
7.46	-0.000134066 0.0163684 -7.15511e-05	
7.47	-0.000134065 0.0163685 -7.15529e-05	
7.48	-0.000134065 0.0163685 -7.15543e-05	
7.49	-0.000134065 0.0163685 -7.15556e-05	
7.5	-0.000134066 0.0163685 -7.15563e-05	
7.51	-0.000134065 0.0163685 -7.15581e-05	
7.52	-0.000134065 0.0163685 -7.15595e-05	
7.53	-0.000134066 0.0163685 -7.15602e-05	
7.54	-0.000134065 0.0163685 -7.1562e-05	
7.55	-0.000134065 0.0163685 -7.15634e-05	
7.56	-0.000134066 0.0163685 -7.15641e-05	
7.57	-0.000134065 0.0163685 -7.1566e-05	
7.58	-0.000134065 0.0163685 -7.15674e-05	
7.59	-0.000134066 0.0163686 -7.15681e-05	
7.6	-0.000134065 0.0163686 -7.15699e-05	
7.61	-0.000134065 0.0163686 -7.15713e-05	
7.62	-0.000134066 0.0163686 -7.1572e-05	
7.63	-0.000134065 0.0163686 -7.15738e-05	
7.64	-0.000134065 0.0163686 -7.15752e-05	
7.65	-0.000134066 0.0163686 -7.15759e-05	
7.66	-0.000134065 0.0163686 -7.15778e-05	
7.67	-0.000134065 0.0163686 -7.15792e-05	
7.68	-0.000134066 0.0163686 -7.15799e-05	
7.69	-0.000134065 0.0163686 -7.15817e-05	
7.7	-0.000134065 0.0163686 -7.15831e-05	
7.71	-0.000134066 0.0163686 -7.15838e-05	
7.72	-0.000134065 0.0163687 -7.15857e-05	
7.73	-0.000134065 0.0163687 -7.15871e-05	
7.74	-0.000134066 0.0163687 -7.15878e-05	
7.75	-0.000134065 0.0163687 -7.15897e-05	
7.76	-0.000134065 0.0163687 -7.15911e-05	
7.77	-0.000134066 0.0163687 -7.15918e-05	
7.78	-0.000134065 0.0163687 -7.15936e-05	
7.79	-0.000134065 0.0163687 -7.1595e-05	
7.8	-0.000134066 0.0163687 -7.15958e-05	
7.81	-0.000134065 0.0163687 -7.15976e-05	
7.82	-0.000134065 0.0163687 -7.1599e-05	
7.83	-0.000134066 0.0163687 -7.15997e-05	
7.84	-0.000134066 0.0163687 -7.16016e-05	
7.85	-0.000134066 0.0163688 -7.1603e-05	
7.86	-0.000134067 0.0163688 -7.16037e-05	
7.87	-0.000134066 0.0163688 -7.16055e-05	
7.88	-0.000134066 0.0163688 -7.1607e-05	
7.89	-0.000134067 0.0163688 -7.16077e-05	
7.9	-0.000134066 0.0163688 -7.16095e-05	
7.91	-0.000134066 0.0163688 -7.16109e-05	
7.92	-0.000134067 0.0163688 -7.16117e-05	
7.93	-0.000134066 0.0163688 -7.16135e-05	
7.94	-0.000134067 0.0163688 -7.16149e-05	
7.95	-0.000134068 0.0163688 -7.16156e-05	
7.96	-0.000134067 0.0163688 -7.16175e-05	
7.97	-0.000134067 0.0163688 -7.16189e-05	
7.98	-0.000134067 0.0163689 -7.16202e-05	
7.99	-0.000134068 0.0163689 -7.16209e-05	
8	-0.000134068 0.0163689 -7.16228e-05	
8.01	-0.000134068 0.0163689 -7.16242e-05	
8.02	-0.000134069 0.0163689 -7.16249e-05	
8.03	-0.000134068 0.0163689 -7.16268e-05	
8.04	-0.000134068 0.0163689 -7.16282e-05	
8.05	-0.000134069 0.0163689 -7.16289e-05	
8.06	-0.000134068 0.0163689 -7.16308e-05	
8.07	-0.000134068 0.0163689 -7.16322e-05	
8.08	-0.000134069 0.0163689 -7.16336e-05	
8.09	-0.00013407 0.0163689 -7.16342e-05	
8.1	-0.000134069 0.0163689 -7.16361e-05	
8.11	-0.000134069 0.016369 -7.16375e-05	
8.12	-0.00013407 0.016369 -7.16383e-05	
8.13	-0.00013407 0.016369 -7.16401e-05	
8.14	-0.00013407 0.016369 -7.16416e-05	
8.15	-0.00013407 0.016369 -7.16429e-05	
8.16	-0.000134071 0.016369 -7.16436e-05	
8.17	-0.00013407 0.016369 -7.16455e-05	
8.18	-0.000134071 0.016369 -7.16469e-05	
8.19	-0.000134072 0.016369 -7.16476e-05	
8.2	-0.000134071 0.016369 -7.16495e-05	
8.21	-0.000134071 0.016369 -7.1651e-05	
8.22	-0.000134071 0.016369 -7.16523e-05	
8.23	-0.000134073 0.016369 -7.1653e-05	
8.24	-0.000134072 0.016369 -7.16549e-05	
8.25	-0.000134072 0.0163691 -7.16563e-05	
8.26	-0.000134073 0.0163691 -7.1657e-05	
8.27	-0.000134072 0.0163691 -7.16589e-05	
8.28	-0.000134072 0.0163691 -7.16604e-05	
8.29	-0.000134073 0.0163691 -7.16617e-05	
8.3	-0.000134074 0.0163691 -7.16624e-05	
8.31	-0.000134073 0.0163691 -7.16643e-05	
8.32	-0.000134073 0.0163691 -7.16657e-05	
8.33	-0.000134074 0.0163691 -7.16671e-05	
8.34	-0.000134075 0.0163691 -7.16678e-05	
8.35	-0.000134074 0.0163691 -7.16697e-05	
8.36	-0.000134074 0.0163691 -7.16711e-05	
8.37	-0.000134076 0.0163691 -7.16719e-05	
8.38	-0.000134075 0.0163692 -7.16737e-05	
8.39	-0.000134075 0.0163692 -7.16752e-05	
8.4	-0.000134076 0.0163692 -7.16766e-05	
8.41	-0.000134077 0.0163692 -7.16773e-05	
8.42	-0.000134076 0.0163692 -7.16792e-05	
8.43	-0.000134076 0.0163692 -7.16806e-05	
8.44	-0.000134077 0.0163692 -7.16814e-05	
8.45	-0.000134077 0.0163692 -7.16832e-05	
8.46	-0.000134077 0.0163692 -7.16847e-05	
8.47	-0.000134077 0.0163692 -7.16861e-05	
8.48	-0.000134078 0.0163692 -7.16868e-05	
8.49	-0.000134078 0.0163692 -7.16887e-05	
8.5	-0.000134078 0.0163692 -7.16902e-05	
8.51	-0.000134079 0.0163692 -7.16909e-05	
8.52	-0.000134078 0.0163693 -7.16928e-05	
8.53	-0.000134079 0.0163693 -7.16943e-05	
8.54	-0.000134079 0.0163693 -7.16957e-05	
8.55	-0.00013408 0.0163693 -7.16964e-05	
8.56	-0.00013408 0.0163693 -7.16982e-05	
8.57	-0.00013408 0.0163693 -7.16997e-05	
8.58	-0.00013408 0.0163693 -7.17011e-05	
8.59	-0.000134082 0.0163693 -7.17018e-05	
8.6	-0.000134081 0.0163693 -7.17037e-05	
8.61	-0.000134081 0.0163693 -7.17052e-05	
8.62	-0.000134082 0.0163693 -7.17066e-05	
8.63	-0.000134083 0.0163693 -7.17073e-05	
8.64	-0.000134082 0.0163693 -7.17092e-05	
8.65	-0.000134082 0.0163694 -7.17107e-05	
8.66	-0.000134084 0.0163694 -7.17114e-05	
8.67	-0.000134083 0.0163694 -7.17133e-05	
8.68	-0.000134083 0.0163694 -7.17148e-05	
8.69	-0.000134084 0.0163694 -7.17162e-05	
8.7	-0.000134085 0.0163694 -7.17169e-05	
8.71	-0.000134084 0.0163694 -7.17188e-05	
8.72	-0.000134085 0.0163694 -7.17203e-05	
8.73	-0.000134085 0.0163694 -7.17217e-05	
8.74	-0.000134086 0.0163694 -7.17224e-05	
8.75	-0.000134086 0.0163694 -7.17243e-05	
8.76	-0.000134086 0.0163694 -7.17258e-05	
8.77	-0.000134087 0.0163694 -7.17273e-05	
8.78	-0.000134088 0.0163694 -7.1728e-05	
8.79	-0.000134087 0.0163695 -7.17299e-05	
8.8	-0.000134087 0.0163695 -7.17314e-05	
8.81	-0.000134088 0.0163695 -7.17328e-05	
8.82	-0.000134089 0.0163695 -7.17335e-05	
8.83	-0.000134089 0.0163695 -7.17354e-05	
8.84	-0.000134089 0.0163695 -7.17369e-05	
8.85	-0.000134089 0.0163695 -7.17383e-05	
8.86	-0.000134091 0.0163695 -7.17391e-05	
8.87	-0.00013409 0.0163695 -7.1741e-05	
8.88	-0.00013409 0.0163695 -7.17425e-05	
8.89	-0.000134091 0.0163695 -7.17439e-05	
8.9	-0.000134092 0.0163695 -7.17446e-05	
8.91	-0.000134092 0.0163695 -7.17465e-05	
8.92	-0.000134092 0.0163696 -7.1748e-05	
8.93	-0.000134092 0.0163696 -7.17495e-05	
8.94	-0.000134094 0.0163696 -7.17502e-05	
8.95	-0.000134093 0.0163696 -7.17521e-05	
8.96	-0.000134093 0.0163696 -7.17536e-05	
8.97	-0.000134094 0.0163696 -7.1755e-05	
8.98	-0.000134095 0.0163696 -7.17558e-05	
8.99	-0.000134095 0.0163696 -7.17577e-05	
9	-0.000134095 0.0163696 -7.17592e-05	
9.01	-0.000134096 0.0163696 -7.17606e-05	
9.02	-0.000134097 0.0163696 -7.17613e-05	
9.03	-0.000134096 0.0163696 -7.17633e-05	
9.04	-0.000134097 0.0163696 -7.17648e-05	
9.05	-0.000134097 0.0163696 -7.17662e-05	
9.06	-0.000134098 0.0163697 -7.17669e-05	
9.07	-0.000134098 0.0163697 -7.17688e-05	
9.08	-0.000134098 0.0163697 -7.17704e-05	
9.09	-0.000134099 0.0163697 -7.17718e-05	
9.1	-0.0001341 0.0163697 -7.17725e-05	
9.11	-0.0001341 0.0163697 -7.17744e-05	
9.12	-0.0001341 0.0163697 -7.1776e-05	
9.13	-0.000134101 0.0163697 -7.17774e-05	
9.14	-0.000134102 0.0163697 -7.17781e-05	
9.15	-0.000134101 0.0163697 -7.17801e-05	
9.16	-0.000134102 0.0163697 -7.17816e-05	
9.17	-0.000134102 0.0163697 -7.17831e-05	
9.18	-0.000134104 0.0163697 -7.17838e-05	
9.19	-0.000134103 0.0163697 -7.17857e-05	
9.2	-0.000134103 0.0163698 -7.17872e-05	
9.21	-0.000134104 0.0163698 -7.17887e-05	
9.22	-0.000134105 0.0163698 -7.17901e-05	
9.23	-0.000134106 0.0163698 -7.17908e-05	
9.24	-0.000134105 0.0163698 -7.17927e-05	
9.25	-0.000134106 0.0163698 -7.17943e-05	
9.26	-0.000134106 0.0163698 -7.17958e-05	
9.27	-0.000134107 0.0163698 -7.17972e-05	
9.28	-0.000134108 0.0163698 -7.17979e-05	
9.29	-0.000134108 0.0163698 -7.17998e-05	
9.3	-0.000134108 0.0163698 -7.18014e-05	
9.31	-0.000134109 0.0163698 -7.18028e-05	
9.32	-0.000134109 0.0163698 -7.18043e-05	
9.33	-0.000134111 0.0163698 -7.1805e-05	
9.34	-0.00013411 0.0163699 -7.18069e-05	
9.35	-0.000134111 0.0163699 -7.18085e-05	
9.36	-0.000134111 0.0163699 -7.181e-05	
9.37	-0.000134112 0.0163699 -7.18114e-05	
9.38	-0.000134113 0.0163699 -7.18121e-05	
9.39	-0.000134113 0.0163699 -7.1814e-05	
9.4	-0.000134113 0.0163699 -7.18156e-05	
9.41	-0.000134114 0.0163699 -7.18171e-05	
9.42	-0.000134114 0.0163699 -7.18185e-05	
9.43	-0.000134116 0.0163699 -7.18192e-05	
9.44	-0.000134115 0.0163699 -7.18212e-05	
9.45	-0.000134116 0.0163699 -7.18228e-05	
9.46	-0.000134116 0.0163699 -7.18242e-05	
9.47	-0.000134117 0.0163699 -7.18257e-05	
9.48	-0.000134118 0.01637 -7.18264e-05	
9.49	-0.000134118 0.01637 -7.18284e-05	
9.5	-0.000134118 0.01637 -7.183e-05	
9.51	-0.000134119 0.01637 -7.18314e-05	
9.52	-0.000134119 0.01637 -7.18329e-05	
9.53	-0.000134121 0.01637 -7.18336e-05	
9.54	-0.00013412 0.01637 -7.18356e-05	
9.55	-0.000134121 0.01637 -7.18371e-05	
9.56	-0.000134121 0.01637 -7.18386e-05	
9.57	-0.000134122 0.01637 -7.18401e-05	
9.58	-0.000134123 0.01637 -7.18415e-05	
9.59	-0.000134124 0.01637 -7.18422e-05	
9.6	-0.000134124 0.01637 -7.18442e-05	
9.61	-0.000134124 0.01637 -7.18458e-05	
9.62	-0.000134125 0.0163701 -7.18473e-05	
9.63	-0.000134125 0.0163701 -7.18487e-05	
9.64	-0.000134126 0.0163701 -7.18502e-05	
9.65	-0.000134127 0.0163701 -7.18509e-05	
9.66	-0.000134127 0.0163701 -7.18529e-05	
9.67	-0.000134127 0.0163701 -7.18545e-05	
9.68	-0.000134128 0.0163701 -7.1856e-05	
9.69	-0.000134129 0.0163701 -7.18574e-05	
9.7	-0.000134129 0.0163701 -7.18589e-05	
9.71	-0.000134131 0.0163701 -7.18596e-05	
9.72	-0.00013413 0.0163701 -7.18616e-05	
9.73	-0.000134131 0.0163701 -7.18632e-05	
9.74	-0.000134131 0.0163701 -7.18647e-05	
9.75	-0.000134132 0.0163701 -7.18661e-05	
9.76	-0.000134133 0.0163702 -7.18676e-05	
9.77	-0.000134134 0.0163702 -7.18683e-05	
9.78	-0.000134134 0.0163702 -7.18703e-05	
9.79	-0.000134134 0.0163702 -7.18719e-05	
9.8	-0.000134135 0.0163702 -7.18734e-05	
9.81	-0.000134135 0.0163702 -7.18749e-05	
9.82	-0.000134136 0.0163702 -7.18763e-05	
9.83	-0.000134137 0.0163702 -7.18778e-05	
9.84	-0.000134138 0.0163702 -7.18785e-05	
9.85	-0.000134138 0.0163702 -7.18805e-05	
9.86	-0.000134138 0.0163702 -7.18821e-05	
9.87	-0.000134139 0.0163702 -7.18836e-05	
9.88	-0.000134139 0.0163702 -7.18851e-05	
9.89	-0.00013414 0.0163702 -7.18865e-05	
9.9	-0.000134141 0.0163703 -7.1888e-05	
9.91	-0.000134142 0.0163703 -7.18895e-05	
9.92	-0.000134143 0.0163703 -7.18902e-05	
9.93	-0.000134142 0.0163703 -7.18922e-05	
9.94	-0.000134143 0.0163703 -7.18938e-05	
9.95	-0.000134144 0.0163703 -7.18953e-05	
9.96	-0.000134144 0.0163703 -7.18968e-05	
9.97	-0.000134145 0.0163703 -7.18982e-05	
9.98	-0.000134146 0.0163703 -7.18997e-05	
9.99	-0.000134146 0.0163703 -7.19012e-05	
10	-0.000134148 0.0163703 -7.1902e-05	
10.01	-0.000134147 0.0163703 -7.19039e-05	
10.02	-0.000134148 0.0163703 -7.19056e-05	
10.03	-0.000134148 0.0163703 -7.19071e-05	
10.04	-0.000134149 0.0163704 -7.19085e-05	
10.05	-0.00013415 0.0163704 -7.191e-05	
10.06	-0.00013415 0.0163704 -7.19115e-05	
10.07	-0.000134151 0.0163704 -7.1913e-05	
10.08	-0.000134152 0.0163704 -7.19144e-05	
10.09	-0.000134153 0.0163704 -7.19159e-05	
10.1	-0.000134154 0.0163704 -7.19167e-05	
10.11	-0.000134154 0.0163704 -7.19187e-05	
10.12	-0.000134154 0.0163704 -7.19203e-05	
10.13	-0.000134155 0.0163704 -7.19218e-05	
10.14	-0.000134155 0.0163704 -7.19233e-05	
10.15	-0.000134156 0.0163704 -7.19248e-05	
10.16	-0.000134157 0.0163704 -7.19262e-05	
10.17	-0.000134157 0.0163704 -7.19277e-05	
10.18	-0.000134158 0.0163705 -7.19292e-05	
10.19	-0.000134159 0.0163705 -7.19307e-05	
10.2	-0.00013416 0.0163705 -7.19322e-05	
10.21	-0.00013416 0.0163705 -7.19337e-05	
10.22	-0.000134161 0.0163705 -7.19351e-05	
10.23	-0.000134162 0.0163705 -7.19366e-05	
10.24	-0.000134163 0.0163705 -7.19374e-05	
10.25	-0.000134162 0.0163705 -7.19394e-05	
10.26	-0.000134163 0.0163705 -7.1941e-05	
10.27	-0.000134164 0.0163705 -7.19426e-05	
10.28	-0.000134164 0.0163705 -7.19441e-05	
10.29	-0.000134165 0.0163705 -7.19456e-05	
10.3	-0.000134166 0.0163705 -7.1947e-05	
10.31	-0.000134166 0.0163705 -7.19485e-05	
10.32	-0.000134167 0.0163705 -7.195e-05	
10.33	-0.000134168 0.0163706 -7.19515e-05	
10.34	-0.000134169 0.0163706 -7.1953e-05	
10.35	-0.000134169 0.0163706 -7.19545e-05	
10.36	-0.00013417 0.0163706 -7.1956e-05	
10.37	-0.000134171 0.0163706 -7.19575e-05	
10.38	-0.000134171 0.0163706 -7.1959e-05	
10.39	-0.000134172 0.0163706 -7.19605e-05	
10.4	-0.000134173 0.0163706 -7.1962e-05	
10.41	-0.000134173 0.0163706 -7.19635e-05	
10.42	-0.000134174 0.0163706 -7.1965e-05	
10.43	-0.000134175 0.0163706 -7.19665e-05	
10.44	-0.000134175 0.0163706 -7.1968e-05	
10.45	-0.000134176 0.0163706 -7.19695e-05	
10.46	-0.000134177 0.0163706 -7.1971e-05	
10.47	-0.000134177 0.0163707 -7.19725e-05	
10.48	-0.000134178 0.0163707 -7.1974e-05	
10.49	-0.000134179 0.0163707 -7.19755e-05	
10.5	-0.00013418 0.0163707 -7.1977e-05	
10.51	-0.00013418 0.0163707 -7.19785e-05	
10.52	-0.000134181 0.0163707 -7.198e-05	
10.53	-0.000134182 0.0163707 -7.19815e-05	
10.54	-0.000134182 0.0163707 -7.19831e-05	
10.55	-0.000134183 0.0163707 -7.19846e-05	
10.56	-0.000134184 0.0163707 -7.19861e-05	
10.57	-0.000134184 0.0163707 -7.19876e-05	
10.58	-0.000134185 0.0163707 -7.19891e-05	
10.59	-0.000134186 0.0163707 -7.19906e-05	
10.6	-0.000134186 0.0163707 -7.19921e-05	
10.61	-0.000134187 0.0163708 -7.19936e-05	
10.62	-0.000134188 0.0163708 -7.19952e-05	
10.63	-0.000134188 0.0163708 -7.19967e-05	
10.64	-0.000134189 0.0163708 -7.19982e-05	
10.65	-0.00013419 0.0163708 -7.19997e-05	
10.66	-0.000134191 0.0163708 -7.20012e-05	
10.67	-0.000134191 0.0163708 -7.20027e-05	
10.68	-0.000134192 0.0163708 -7.20042e-05	
10.69	-0.000134193 0.0163708 -7.20058e-05	
10.7	-0.000134193 0.0163708 -7.20073e-05	
10.71	-0.000134194 0.0163708 -7.20088e-05	
10.72	-0.000134195 0.0163708 -7.20103e-05	
10.73	-0.000134195 0.0163708 -7.20119e-05	
10.74	-0.000134196 0.0163708 -7.20134e-05	
10.75	-0.000134197 0.0163709 -7.20149e-05	
10.76	-0.000134197 0.0163709 -7.20164e-05	
10.77	-0.000134198 0.0163709 -7.20179e-05	
10.78	-0.000134199 0.0163709 -7.20195e-05	
10.79	-0.0001342 0.0163709 -7.2021e-05	
10.8	-0.0001342 0.0163709 -7.20225e-05	
10.81	-0.000134201 0.0163709 -7.2024e-05	
10.82	-0.000134202 0.0163709 -7.20256e-05	
10.83	-0.000134202 0.0163709 -7.20271e-05	
10.84	-0.000134203 0.0163709 -7.20286e-05	
10.85	-0.000134204 0.0163709 -7.20301e-05	
10.86	-0.000134205 0.0163709 -7.20316e-05	
10.87	-0.000134205 0.0163709 -7.20332e-05	
10.88	-0.000134206 0.0163709 -7.20347e-05	
10.89	-0.000134207 0.016371 -7.20362e-05	
10.9	-0.000134207 0.016371 -7.20378e-05	
10.91	-0.000134208 0.016371 -7.20393e-05	
10.92	-0.000134209 0.016371 -7.20408e-05	
10.93	-0.000134209 0.016371 -7.20424e-05	
10.94	-0.00013421 0.016371 -7.20439e-05	
10.95	-0.000134211 0.016371 -7.20454e-05	
10.96	-0.000134212 0.016371 -7.2047e-05	
10.97	-0.000134212 0.016371 -7.20485e-05	
10.98	-0.000134213 0.016371 -7.205e-05	
10.99	-0.000134214 0.016371 -7.20516e-05	
11	-0.000134214 0.016371 -7.20531e-05	
11.01	-0.000134215 0.016371 -7.20546e-05	
11.02	-0.000134216 0.016371 -7.20562e-05	
11.03	-0.000134217 0.016371 -7.20577e-05	
11.04	-0.000134217 0.0163711 -7.20592e-05	
11.05	-0.000134218 0.0163711 -7.20608e-05	
11.06	-0.000134219 0.0163711 -7.20623e-05	
11.07	-0.00013422 0.0163711 -7.20638e-05	
11.08	-0.00013422 0.0163711 -7.20654e-05	
11.09	-0.000134221 0.0163711 -7.20669e-05	
11.1	-0.000134222 0.0163711 -7.20685e-05	
11.11	-0.000134222 0.0163711 -7.207e-05	
11.12	-0.000134223 0.0163711 -7.20715e-05	
11.13	-0.000134224 0.0163711 -7.20731e-05	
11.14	-0.000134225 0.0163711 -7.20746e-05	
11.15	-0.000134225 0.0163711 -7.20761e-05	
11.16	-0.000134226 0.0163711 -7.20777e-05	
11.17	-0.000134227 0.0163711 -7.20792e-05	
11.18	-0.000134228 0.0163712 -7.20808e-05	
11.19	-0.000134228 0.0163712 -7.20823e-05	
11.2	-0.000134229 0.0163712 -7.20839e-05	
11.21	-0.00013423 0.0163712 -7.20854e-05	
11.22	-0.000134231 0.0163712 -7.20869e-05	
11.23	-0.000134231 0.0163712 -7.20885e-05	
11.24	-0.000134232 0.0163712 -7.209e-05	
11.25	-0.000134233 0.0163712 -7.20916e-05	
11.26	-0.000134233 0.0163712 -7.20931e-05	
11.27	-0.000134234 0.0163712 -7.20947e-05	
11.28	-0.000134235 0.0163712 -7.20962e-05	
11.29	-0.000134236 0.0163712 -7.20978e-05	
11.3	-0.000134236 0.0163712 -7.20993e-05	
11.31	-0.000134237 0.0163712 -7.21009e-05	
11.32	-0.000134238 0.0163713 -7.21024e-05	
11.33	-0.000134239 0.0163713 -7.21039e-05	
11.34	-0.000134239 0.0163713 -7.21055e-05	
11.35	-0.00013424 0.0163713 -7.21071e-05	
11.36	-0.000134241 0.0163713 -7.21086e-05	
11.37	-0.000134242 0.0163713 -7.21102e-05	
11.38	-0.000134242 0.0163713 -7.21117e-05	
11.39	-0.000134243 0.0163713 -7.21133e-05	
11.4	-0.000134244 0.0163713 -7.21148e-05	
11.41	-0.000134245 0.0163713 -7.21164e-05	
11.42	-0.000134245 0.0163713 -7.21179e-05	
11.43	-0.000134246 0.0163713 -7.21195e-05	
11.44	-0.000134247 0.0163713 -7.2121e-05	
11.45	-0.000134248 0.0163713 -7.21226e-05	
11.46	-0.000134248 0.0163713 -7.21242e-05	
11.47	-0.000134249 0.0163714 -7.21257e-05	
11.48	-0.00013425 0.0163714 -7.21273e-05	
11.49	-0.000134251 0.0163714 -7.21288e-05	
11.5	-0.000134252 0.0163714 -7.21304e-05	
11.51	-0.000134252 0.0163714 -7.2132e-05	
11.52	-0.000134253 0.0163714 -7.21335e-05	
11.53	-0.000134254 0.0163714 -7.21351e-05	
11.54	-0.000134255 0.0163714 -7.21366e-05	
11.55	-0.000134255 0.0163714 -7.21382e-05	
11.56	-0.000134256 0.0163714 -7.21398e-05	
11.57	-0.000134257 0.0163714 -7.21413e-05	
11.58	-0.000134258 0.0163714 -7.21429e-05	
11.59	-0.000134258 0.0163714 -7.21444e-05	
11.6	-0.000134259 0.0163714 -7.2146e-05	
11.61	-0.00013426 0.0163715 -7.21476e-05	
11.62	-0.000134261 0.0163715 -7.21491e-05	
11.63	-0.000134261 0.0163715 -7.21507e-05	
11.64	-0.000134262 0.0163715 -7.21522e-05	
11.65	-0.000134263 0.0163715 -7.21538e-05	
11.66	-0.000134264 0.0163715 -7.21554e-05	
11.67	-0.000134265 0.0163715 -7.21569e-05	
11.68	-0.000134265 0.0163715 -7.21585e-05	
11.69	-0.000134266 0.0163715 -7.21601e-05	
11.7	-0.000134267 0.0163715 -7.21616e-05	
11.71	-0.000134268 0.0163715 -7.21632e-05	
11.72	-0.000134268 0.0163715 -7.21648e-05	
11.73	-0.000134269 0.0163715 -7.21663e-05	
11.74	-0.00013427 0.0163715 -7.21679e-05	
11.75	-0.000134271 0.0163715 -7.21694e-05	
11.76	-0.000134272 0.0163716 -7.2171e-05	
11.77	-0.000134272 0.0163716 -7.21725e-05	
11.78	-0.000134273 0.0163716 -7.21741e-05	
