# Gnuplot File : positions of 1 particle(s) Monitored
# 1st Column : time, others : particle(s) number 97 
0.01	-0.000135469 0.0155469 -6.57622e-05	
0.02	-0.000136162 0.0157232 -6.35865e-05	
0.03	-0.000135004 0.0158894 -7.21234e-05	
0.04	-0.000137443 0.0160744 -6.76074e-05	
0.05	-0.000137872 0.016218 -7.05529e-05	
0.06	-0.000138801 0.016333 -7.12672e-05	
0.07	-0.000139521 0.0164237 -7.22965e-05	
0.08	-0.000139805 0.0164963 -7.31194e-05	
0.09	-0.000140119 0.0165547 -7.37004e-05	
0.1	-0.000140483 0.0166026 -7.4212e-05	
0.11	-0.000140833 0.016642 -7.46196e-05	
0.12	-0.000141133 0.0166749 -7.49158e-05	
0.13	-0.000141418 0.0167024 -7.51363e-05	
0.14	-0.000141683 0.0167256 -7.53052e-05	
0.15	-0.00014193 0.0167452 -7.54261e-05	
0.16	-0.000142174 0.0167619 -7.55054e-05	
0.17	-0.00014239 0.0167762 -7.5554e-05	
0.18	-0.000142582 0.0167883 -7.55712e-05	
0.19	-0.000142774 0.0167987 -7.55616e-05	
0.2	-0.000142947 0.0168077 -7.55344e-05	
0.21	-0.000143107 0.0168154 -7.55043e-05	
0.22	-0.000143249 0.0168221 -7.54641e-05	
0.23	-0.000143395 0.0168278 -7.5435e-05	
0.24	-0.000143529 0.0168328 -7.54007e-05	
0.25	-0.000143654 0.0168371 -7.53689e-05	
0.26	-0.000143768 0.0168409 -7.53327e-05	
0.27	-0.00014387 0.0168441 -7.52991e-05	
0.28	-0.000143961 0.016847 -7.52636e-05	
0.29	-0.000144042 0.0168495 -7.52334e-05	
0.3	-0.000144115 0.0168516 -7.52004e-05	
0.31	-0.00014418 0.0168535 -7.51727e-05	
0.32	-0.000144239 0.0168552 -7.51438e-05	
0.33	-0.00014429 0.0168566 -7.51212e-05	
0.34	-0.000144337 0.0168579 -7.50942e-05	
0.35	-0.000144378 0.016859 -7.50728e-05	
0.36	-0.000144416 0.01686 -7.50488e-05	
0.37	-0.000144449 0.0168609 -7.50295e-05	
0.38	-0.000144481 0.0168616 -7.50096e-05	
0.39	-0.00014451 0.0168623 -7.49927e-05	
0.4	-0.000144535 0.0168629 -7.49759e-05	
0.41	-0.000144556 0.0168634 -7.49629e-05	
0.42	-0.000144576 0.0168639 -7.49493e-05	
0.43	-0.000144592 0.0168643 -7.49385e-05	
0.44	-0.000144607 0.0168647 -7.49282e-05	
0.45	-0.000144621 0.016865 -7.49195e-05	
0.46	-0.000144633 0.0168653 -7.49115e-05	
0.47	-0.000144643 0.0168655 -7.49047e-05	
0.48	-0.000144653 0.0168658 -7.48982e-05	
0.49	-0.000144662 0.016866 -7.48927e-05	
0.5	-0.00014467 0.0168662 -7.48874e-05	
0.51	-0.000144677 0.0168663 -7.4883e-05	
0.52	-0.000144683 0.0168665 -7.48797e-05	
0.53	-0.000144689 0.0168666 -7.4873e-05	
0.54	-0.000144694 0.0168667 -7.48704e-05	
0.55	-0.000144699 0.0168668 -7.48658e-05	
0.56	-0.000144703 0.0168669 -7.48629e-05	
0.57	-0.000144707 0.016867 -7.48592e-05	
0.58	-0.00014471 0.0168671 -7.48558e-05	
0.59	-0.000144714 0.0168672 -7.48529e-05	
0.6	-0.000144717 0.0168672 -7.48499e-05	
0.61	-0.000144719 0.0168673 -7.48469e-05	
0.62	-0.000144721 0.0168673 -7.48441e-05	
0.63	-0.000144722 0.0168674 -7.48418e-05	
0.64	-0.000144723 0.0168674 -7.48396e-05	
0.65	-0.000144724 0.0168675 -7.48377e-05	
0.66	-0.000144725 0.0168675 -7.48362e-05	
0.67	-0.000144726 0.0168675 -7.48348e-05	
0.68	-0.000144726 0.0168676 -7.48336e-05	
0.69	-0.000144726 0.0168676 -7.48326e-05	
0.7	-0.000144726 0.0168676 -7.48316e-05	
0.71	-0.000144726 0.0168676 -7.48307e-05	
0.72	-0.000144725 0.0168676 -7.48293e-05	
0.73	-0.000144726 0.0168677 -7.48282e-05	
0.74	-0.000144725 0.0168677 -7.48275e-05	
0.75	-0.000144725 0.0168677 -7.48267e-05	
0.76	-0.000144724 0.0168677 -7.48262e-05	
0.77	-0.000144724 0.0168677 -7.48256e-05	
0.78	-0.000144723 0.0168677 -7.48251e-05	
0.79	-0.000144723 0.0168678 -7.48247e-05	
0.8	-0.000144722 0.0168678 -7.48243e-05	
0.81	-0.000144722 0.0168678 -7.48238e-05	
0.82	-0.000144721 0.0168678 -7.48237e-05	
0.83	-0.00014472 0.0168678 -7.48232e-05	
0.84	-0.000144719 0.0168678 -7.4823e-05	
0.85	-0.000144718 0.0168678 -7.48226e-05	
0.86	-0.000144717 0.0168678 -7.48224e-05	
0.87	-0.000144716 0.0168678 -7.4822e-05	
0.88	-0.000144716 0.0168678 -7.48216e-05	
0.89	-0.000144715 0.0168678 -7.48214e-05	
0.9	-0.000144714 0.0168678 -7.48207e-05	
0.91	-0.000144713 0.0168679 -7.48206e-05	
0.92	-0.000144712 0.0168679 -7.48201e-05	
0.93	-0.000144711 0.0168679 -7.48197e-05	
0.94	-0.00014471 0.0168679 -7.48192e-05	
0.95	-0.000144709 0.0168679 -7.48187e-05	
0.96	-0.000144708 0.0168679 -7.48183e-05	
0.97	-0.000144707 0.0168679 -7.48178e-05	
0.98	-0.000144706 0.0168679 -7.48173e-05	
0.99	-0.000144705 0.0168679 -7.48168e-05	
1	-0.000144704 0.0168679 -7.48159e-05	
1.01	-0.000144702 0.0168679 -7.48154e-05	
1.02	-0.000144701 0.0168679 -7.48153e-05	
1.03	-0.000144699 0.0168679 -7.48146e-05	
1.04	-0.000144697 0.0168679 -7.48146e-05	
1.05	-0.000144695 0.0168679 -7.48139e-05	
1.06	-0.000144694 0.0168679 -7.48137e-05	
1.07	-0.000144692 0.0168679 -7.4813e-05	
1.08	-0.00014469 0.0168679 -7.48122e-05	
1.09	-0.000144688 0.0168679 -7.48115e-05	
1.1	-0.000144686 0.0168679 -7.48111e-05	
1.11	-0.000144685 0.0168679 -7.48104e-05	
1.12	-0.000144683 0.0168679 -7.48097e-05	
1.13	-0.000144681 0.0168679 -7.48089e-05	
1.14	-0.00014468 0.0168679 -7.48082e-05	
1.15	-0.000144678 0.0168679 -7.48075e-05	
1.16	-0.000144677 0.0168679 -7.48068e-05	
1.17	-0.000144675 0.0168679 -7.48062e-05	
1.18	-0.000144674 0.016868 -7.48056e-05	
1.19	-0.000144672 0.016868 -7.4805e-05	
1.2	-0.000144671 0.016868 -7.48044e-05	
1.21	-0.000144669 0.016868 -7.48037e-05	
1.22	-0.000144668 0.016868 -7.48032e-05	
1.23	-0.000144667 0.016868 -7.48026e-05	
1.24	-0.000144666 0.016868 -7.4802e-05	
1.25	-0.000144664 0.016868 -7.48015e-05	
1.26	-0.000144663 0.016868 -7.4801e-05	
1.27	-0.000144662 0.016868 -7.48005e-05	
1.28	-0.000144661 0.016868 -7.48e-05	
1.29	-0.000144659 0.016868 -7.47996e-05	
1.3	-0.000144658 0.016868 -7.47991e-05	
1.31	-0.000144657 0.016868 -7.47987e-05	
1.32	-0.000144655 0.016868 -7.47983e-05	
1.33	-0.000144654 0.016868 -7.47979e-05	
1.34	-0.000144652 0.016868 -7.47974e-05	
1.35	-0.000144651 0.016868 -7.47971e-05	
1.36	-0.000144649 0.016868 -7.47968e-05	
1.37	-0.000144647 0.016868 -7.47964e-05	
1.38	-0.000144646 0.016868 -7.47962e-05	
1.39	-0.000144644 0.016868 -7.47959e-05	
1.4	-0.000144642 0.016868 -7.47958e-05	
1.41	-0.00014464 0.016868 -7.47957e-05	
1.42	-0.000144638 0.016868 -7.4796e-05	
1.43	-0.000144635 0.016868 -7.47962e-05	
1.44	-0.000144632 0.016868 -7.47963e-05	
1.45	-0.000144629 0.016868 -7.47963e-05	
1.46	-0.000144626 0.016868 -7.47965e-05	
1.47	-0.000144624 0.016868 -7.47967e-05	
1.48	-0.000144621 0.016868 -7.4797e-05	
1.49	-0.000144618 0.016868 -7.47974e-05	
1.5	-0.000144614 0.016868 -7.47976e-05	
1.51	-0.000144612 0.016868 -7.47977e-05	
1.52	-0.000144609 0.016868 -7.47981e-05	
1.53	-0.000144606 0.016868 -7.47985e-05	
1.54	-0.000144602 0.016868 -7.47991e-05	
1.55	-0.000144599 0.016868 -7.47995e-05	
1.56	-0.000144596 0.016868 -7.48e-05	
1.57	-0.000144593 0.0168681 -7.48006e-05	
1.58	-0.000144589 0.0168681 -7.48013e-05	
1.59	-0.000144586 0.0168681 -7.48022e-05	
1.6	-0.000144581 0.0168681 -7.48035e-05	
1.61	-0.000144576 0.0168681 -7.4805e-05	
1.62	-0.000144571 0.0168681 -7.48067e-05	
1.63	-0.000144566 0.0168681 -7.48082e-05	
1.64	-0.000144561 0.0168681 -7.48097e-05	
1.65	-0.000144556 0.0168681 -7.48112e-05	
1.66	-0.00014455 0.0168681 -7.48127e-05	
1.67	-0.000144545 0.0168681 -7.48141e-05	
1.68	-0.00014454 0.0168681 -7.48156e-05	
1.69	-0.000144535 0.0168681 -7.48173e-05	
1.7	-0.000144529 0.0168681 -7.48192e-05	
1.71	-0.000144524 0.0168681 -7.48211e-05	
1.72	-0.000144518 0.0168681 -7.4823e-05	
1.73	-0.000144512 0.0168681 -7.48249e-05	
1.74	-0.000144507 0.0168681 -7.48269e-05	
1.75	-0.000144502 0.0168681 -7.48286e-05	
1.76	-0.000144496 0.0168681 -7.48305e-05	
1.77	-0.000144491 0.0168681 -7.48323e-05	
1.78	-0.000144486 0.0168682 -7.48343e-05	
1.79	-0.000144481 0.0168682 -7.4836e-05	
1.8	-0.000144476 0.0168682 -7.48381e-05	
1.81	-0.00014447 0.0168682 -7.48398e-05	
1.82	-0.000144465 0.0168682 -7.48418e-05	
1.83	-0.00014446 0.0168682 -7.48434e-05	
1.84	-0.000144455 0.0168682 -7.48454e-05	
1.85	-0.00014445 0.0168682 -7.4847e-05	
1.86	-0.000144445 0.0168682 -7.48489e-05	
1.87	-0.00014444 0.0168682 -7.48504e-05	
1.88	-0.000144435 0.0168682 -7.48516e-05	
1.89	-0.00014443 0.0168682 -7.48537e-05	
1.9	-0.000144426 0.0168682 -7.48555e-05	
1.91	-0.000144421 0.0168682 -7.48573e-05	
1.92	-0.000144416 0.0168682 -7.48592e-05	
1.93	-0.000144411 0.0168682 -7.48612e-05	
1.94	-0.000144406 0.0168682 -7.48626e-05	
1.95	-0.000144402 0.0168682 -7.48642e-05	
1.96	-0.000144397 0.0168682 -7.4865e-05	
1.97	-0.000144392 0.0168682 -7.48663e-05	
1.98	-0.000144387 0.0168682 -7.48682e-05	
1.99	-0.000144383 0.0168682 -7.48694e-05	
2	-0.000144378 0.0168682 -7.4871e-05	
2.01	-0.000144374 0.0168683 -7.4872e-05	
2.02	-0.00014437 0.0168683 -7.4873e-05	
2.03	-0.000144366 0.0168683 -7.48739e-05	
2.04	-0.000144361 0.0168683 -7.48748e-05	
2.05	-0.000144357 0.0168683 -7.48756e-05	
2.06	-0.000144353 0.0168683 -7.48764e-05	
2.07	-0.000144349 0.0168683 -7.48771e-05	
2.08	-0.000144345 0.0168683 -7.48778e-05	
2.09	-0.000144341 0.0168683 -7.48784e-05	
2.1	-0.000144337 0.0168683 -7.4879e-05	
2.11	-0.000144333 0.0168683 -7.48796e-05	
2.12	-0.000144329 0.0168683 -7.488e-05	
2.13	-0.000144325 0.0168683 -7.48805e-05	
2.14	-0.000144321 0.0168683 -7.48809e-05	
2.15	-0.000144317 0.0168683 -7.48813e-05	
2.16	-0.000144313 0.0168683 -7.48816e-05	
2.17	-0.000144309 0.0168683 -7.48819e-05	
2.18	-0.000144305 0.0168683 -7.48822e-05	
2.19	-0.000144302 0.0168683 -7.48824e-05	
2.2	-0.000144298 0.0168683 -7.48826e-05	
2.21	-0.000144294 0.0168683 -7.48828e-05	
2.22	-0.00014429 0.0168683 -7.48833e-05	
2.23	-0.000144287 0.0168683 -7.48831e-05	
2.24	-0.000144283 0.0168683 -7.48831e-05	
2.25	-0.000144279 0.0168683 -7.4883e-05	
2.26	-0.000144276 0.0168683 -7.48829e-05	
2.27	-0.000144272 0.0168683 -7.48828e-05	
2.28	-0.000144269 0.0168683 -7.48827e-05	
2.29	-0.000144265 0.0168683 -7.48826e-05	
2.3	-0.000144262 0.0168683 -7.48824e-05	
2.31	-0.000144258 0.0168683 -7.48822e-05	
2.32	-0.000144255 0.0168683 -7.48819e-05	
2.33	-0.000144251 0.0168684 -7.48817e-05	
2.34	-0.000144248 0.0168684 -7.48814e-05	
2.35	-0.000144244 0.0168684 -7.48811e-05	
2.36	-0.00014424 0.0168684 -7.48808e-05	
2.37	-0.000144237 0.0168684 -7.48804e-05	
2.38	-0.000144233 0.0168684 -7.48801e-05	
2.39	-0.000144229 0.0168684 -7.48797e-05	
2.4	-0.000144226 0.0168684 -7.48793e-05	
2.41	-0.000144222 0.0168684 -7.48789e-05	
2.42	-0.000144218 0.0168684 -7.48784e-05	
2.43	-0.000144214 0.0168684 -7.48779e-05	
2.44	-0.00014421 0.0168684 -7.48774e-05	
2.45	-0.000144206 0.0168684 -7.48769e-05	
2.46	-0.000144203 0.0168684 -7.48763e-05	
2.47	-0.000144199 0.0168684 -7.48757e-05	
2.48	-0.000144195 0.0168684 -7.48751e-05	
2.49	-0.00014419 0.0168684 -7.48744e-05	
2.5	-0.000144186 0.0168684 -7.48738e-05	
2.51	-0.000144182 0.0168684 -7.48731e-05	
2.52	-0.000144178 0.0168684 -7.48724e-05	
2.53	-0.000144174 0.0168684 -7.48717e-05	
2.54	-0.000144169 0.0168684 -7.48709e-05	
2.55	-0.000144165 0.0168684 -7.48701e-05	
2.56	-0.000144161 0.0168684 -7.48693e-05	
2.57	-0.000144156 0.0168684 -7.48685e-05	
2.58	-0.000144152 0.0168684 -7.48676e-05	
2.59	-0.000144147 0.0168684 -7.48667e-05	
2.6	-0.000144143 0.0168684 -7.48658e-05	
2.61	-0.000144138 0.0168684 -7.48648e-05	
2.62	-0.000144134 0.0168684 -7.48639e-05	
2.63	-0.000144129 0.0168684 -7.48629e-05	
2.64	-0.000144124 0.0168684 -7.48619e-05	
2.65	-0.000144119 0.0168684 -7.48608e-05	
2.66	-0.000144115 0.0168684 -7.48597e-05	
2.67	-0.00014411 0.0168684 -7.48585e-05	
2.68	-0.000144105 0.0168684 -7.48573e-05	
2.69	-0.000144101 0.0168684 -7.48561e-05	
2.7	-0.000144096 0.0168684 -7.48548e-05	
2.71	-0.000144091 0.0168684 -7.48535e-05	
2.72	-0.000144087 0.0168684 -7.48521e-05	
2.73	-0.000144082 0.0168684 -7.48508e-05	
2.74	-0.000144077 0.0168684 -7.48494e-05	
2.75	-0.000144073 0.0168684 -7.48479e-05	
2.76	-0.000144068 0.0168684 -7.48464e-05	
2.77	-0.000144063 0.0168684 -7.48449e-05	
2.78	-0.000144059 0.0168684 -7.48434e-05	
2.79	-0.000144054 0.0168684 -7.48418e-05	
2.8	-0.00014405 0.0168684 -7.48403e-05	
2.81	-0.000144045 0.0168684 -7.48387e-05	
2.82	-0.000144041 0.0168684 -7.4837e-05	
2.83	-0.000144036 0.0168684 -7.48352e-05	
2.84	-0.000144032 0.0168684 -7.48332e-05	
2.85	-0.000144027 0.0168684 -7.48311e-05	
2.86	-0.000144022 0.0168684 -7.48288e-05	
2.87	-0.000144018 0.0168684 -7.48265e-05	
2.88	-0.000144013 0.0168684 -7.48241e-05	
2.89	-0.000144009 0.0168684 -7.48217e-05	
2.9	-0.000144004 0.0168684 -7.48192e-05	
2.91	-0.000144 0.0168684 -7.48167e-05	
2.92	-0.000143995 0.0168684 -7.48142e-05	
2.93	-0.000143991 0.0168684 -7.48116e-05	
2.94	-0.000143987 0.0168684 -7.4809e-05	
2.95	-0.000143983 0.0168684 -7.48065e-05	
2.96	-0.000143978 0.0168684 -7.4804e-05	
2.97	-0.000143974 0.0168684 -7.48015e-05	
2.98	-0.000143971 0.0168684 -7.47991e-05	
2.99	-0.000143967 0.0168684 -7.47967e-05	
3	-0.000143963 0.0168685 -7.47944e-05	
3.01	-0.000143959 0.0168685 -7.47922e-05	
3.02	-0.000143956 0.0168685 -7.479e-05	
3.03	-0.000143952 0.0168685 -7.47879e-05	
3.04	-0.000143949 0.0168685 -7.47859e-05	
3.05	-0.000143945 0.0168685 -7.4784e-05	
3.06	-0.000143942 0.0168685 -7.47821e-05	
3.07	-0.000143939 0.0168685 -7.47804e-05	
3.08	-0.000143936 0.0168685 -7.47787e-05	
3.09	-0.000143933 0.0168685 -7.47771e-05	
3.1	-0.00014393 0.0168685 -7.47757e-05	
3.11	-0.000143928 0.0168685 -7.47743e-05	
3.12	-0.000143925 0.0168685 -7.47729e-05	
3.13	-0.000143922 0.0168685 -7.47716e-05	
3.14	-0.00014392 0.0168685 -7.47705e-05	
3.15	-0.000143918 0.0168685 -7.47693e-05	
3.16	-0.000143915 0.0168685 -7.47683e-05	
3.17	-0.000143913 0.0168685 -7.47673e-05	
3.18	-0.000143911 0.0168685 -7.47664e-05	
3.19	-0.000143908 0.0168685 -7.47656e-05	
3.2	-0.000143906 0.0168685 -7.47647e-05	
3.21	-0.000143904 0.0168685 -7.4764e-05	
3.22	-0.000143902 0.0168685 -7.47632e-05	
3.23	-0.0001439 0.0168685 -7.47625e-05	
3.24	-0.000143899 0.0168685 -7.47619e-05	
3.25	-0.000143897 0.0168685 -7.47612e-05	
3.26	-0.000143895 0.0168685 -7.47606e-05	
3.27	-0.000143893 0.0168685 -7.47601e-05	
3.28	-0.000143892 0.0168685 -7.47595e-05	
3.29	-0.00014389 0.0168685 -7.47591e-05	
3.3	-0.000143888 0.0168685 -7.47586e-05	
3.31	-0.000143887 0.0168685 -7.47581e-05	
3.32	-0.000143885 0.0168686 -7.47576e-05	
3.33	-0.000143884 0.0168686 -7.47571e-05	
3.34	-0.000143882 0.0168686 -7.47565e-05	
3.35	-0.000143881 0.0168686 -7.4756e-05	
3.36	-0.00014388 0.0168686 -7.47552e-05	
3.37	-0.000143877 0.0168686 -7.47548e-05	
3.38	-0.000143876 0.0168686 -7.47541e-05	
3.39	-0.000143874 0.0168686 -7.47535e-05	
3.4	-0.000143873 0.0168686 -7.4753e-05	
3.41	-0.000143872 0.0168686 -7.47525e-05	
3.42	-0.00014387 0.0168686 -7.47519e-05	
3.43	-0.000143869 0.0168686 -7.47514e-05	
3.44	-0.000143868 0.0168686 -7.47509e-05	
3.45	-0.000143866 0.0168686 -7.47504e-05	
3.46	-0.000143865 0.0168686 -7.47499e-05	
3.47	-0.000143864 0.0168686 -7.47494e-05	
3.48	-0.000143862 0.0168686 -7.47488e-05	
3.49	-0.000143861 0.0168686 -7.47482e-05	
3.5	-0.00014386 0.0168686 -7.47477e-05	
3.51	-0.000143859 0.0168686 -7.47472e-05	
3.52	-0.000143857 0.0168686 -7.47466e-05	
3.53	-0.000143856 0.0168686 -7.4746e-05	
3.54	-0.000143855 0.0168686 -7.47454e-05	
3.55	-0.000143853 0.0168686 -7.47448e-05	
3.56	-0.000143852 0.0168687 -7.47442e-05	
3.57	-0.000143851 0.0168687 -7.47436e-05	
3.58	-0.000143849 0.0168687 -7.4743e-05	
3.59	-0.000143848 0.0168687 -7.47424e-05	
3.6	-0.000143847 0.0168687 -7.47418e-05	
3.61	-0.000143845 0.0168687 -7.47412e-05	
3.62	-0.000143844 0.0168687 -7.47406e-05	
3.63	-0.000143843 0.0168687 -7.474e-05	
3.64	-0.000143841 0.0168687 -7.47394e-05	
3.65	-0.00014384 0.0168687 -7.47392e-05	
3.66	-0.000143839 0.0168687 -7.47379e-05	
3.67	-0.000143837 0.0168687 -7.47379e-05	
3.68	-0.000143836 0.0168687 -7.47372e-05	
3.69	-0.000143834 0.0168687 -7.47365e-05	
3.7	-0.000143833 0.0168687 -7.47359e-05	
3.71	-0.000143832 0.0168687 -7.47352e-05	
3.72	-0.00014383 0.0168687 -7.47346e-05	
3.73	-0.000143829 0.0168687 -7.4734e-05	
3.74	-0.000143827 0.0168687 -7.47333e-05	
3.75	-0.000143826 0.0168687 -7.47327e-05	
3.76	-0.000143825 0.0168687 -7.4732e-05	
3.77	-0.000143823 0.0168687 -7.47313e-05	
3.78	-0.000143822 0.0168687 -7.47307e-05	
3.79	-0.00014382 0.0168687 -7.473e-05	
3.8	-0.000143819 0.0168687 -7.47293e-05	
3.81	-0.000143818 0.0168688 -7.47286e-05	
3.82	-0.000143816 0.0168688 -7.4728e-05	
3.83	-0.000143815 0.0168688 -7.47273e-05	
3.84	-0.000143813 0.0168688 -7.47266e-05	
3.85	-0.000143812 0.0168688 -7.47259e-05	
3.86	-0.000143811 0.0168688 -7.47252e-05	
3.87	-0.000143809 0.0168688 -7.47245e-05	
3.88	-0.000143808 0.0168688 -7.47237e-05	
3.89	-0.000143807 0.0168688 -7.4723e-05	
3.9	-0.000143805 0.0168688 -7.47223e-05	
3.91	-0.000143804 0.0168688 -7.47216e-05	
3.92	-0.000143802 0.0168688 -7.47209e-05	
3.93	-0.000143801 0.0168688 -7.47201e-05	
3.94	-0.0001438 0.0168688 -7.47194e-05	
3.95	-0.000143798 0.0168688 -7.47187e-05	
3.96	-0.000143797 0.0168688 -7.47179e-05	
3.97	-0.000143796 0.0168688 -7.47171e-05	
3.98	-0.000143794 0.0168688 -7.47163e-05	
3.99	-0.000143793 0.0168688 -7.47156e-05	
4	-0.000143791 0.0168688 -7.47148e-05	
4.01	-0.00014379 0.0168688 -7.4714e-05	
4.02	-0.000143789 0.0168688 -7.47132e-05	
4.03	-0.000143787 0.0168688 -7.47124e-05	
4.04	-0.000143786 0.0168688 -7.47116e-05	
4.05	-0.000143785 0.0168688 -7.47109e-05	
4.06	-0.000143783 0.0168688 -7.47101e-05	
4.07	-0.000143782 0.0168689 -7.47093e-05	
4.08	-0.000143781 0.0168689 -7.47084e-05	
4.09	-0.000143779 0.0168689 -7.47076e-05	
4.1	-0.000143778 0.0168689 -7.47068e-05	
4.11	-0.000143777 0.0168689 -7.4706e-05	
4.12	-0.000143775 0.0168689 -7.47052e-05	
4.13	-0.000143774 0.0168689 -7.47044e-05	
4.14	-0.000143772 0.0168689 -7.47035e-05	
4.15	-0.000143771 0.0168689 -7.47027e-05	
4.16	-0.00014377 0.0168689 -7.47019e-05	
4.17	-0.000143768 0.0168689 -7.4701e-05	
4.18	-0.000143767 0.0168689 -7.47002e-05	
4.19	-0.000143766 0.0168689 -7.46994e-05	
4.2	-0.000143764 0.0168689 -7.46985e-05	
4.21	-0.000143763 0.0168689 -7.46976e-05	
4.22	-0.000143761 0.0168689 -7.46968e-05	
4.23	-0.00014376 0.0168689 -7.46959e-05	
4.24	-0.000143759 0.0168689 -7.4695e-05	
4.25	-0.000143757 0.0168689 -7.46942e-05	
4.26	-0.000143756 0.0168689 -7.46933e-05	
4.27	-0.000143755 0.0168689 -7.46925e-05	
4.28	-0.000143753 0.0168689 -7.46916e-05	
4.29	-0.000143752 0.0168689 -7.46912e-05	
4.3	-0.00014375 0.0168689 -7.46898e-05	
4.31	-0.000143749 0.0168689 -7.46895e-05	
4.32	-0.000143748 0.0168689 -7.4688e-05	
4.33	-0.000143746 0.016869 -7.46877e-05	
4.34	-0.000143745 0.016869 -7.46863e-05	
4.35	-0.000143743 0.016869 -7.4686e-05	
4.36	-0.000143742 0.016869 -7.46851e-05	
4.37	-0.00014374 0.016869 -7.46842e-05	
4.38	-0.000143739 0.016869 -7.46828e-05	
4.39	-0.000143738 0.016869 -7.46825e-05	
4.4	-0.000143736 0.016869 -7.4681e-05	
4.41	-0.000143735 0.016869 -7.46807e-05	
4.42	-0.000143733 0.016869 -7.46797e-05	
4.43	-0.000143732 0.016869 -7.46788e-05	
4.44	-0.000143731 0.016869 -7.46779e-05	
4.45	-0.000143729 0.016869 -7.4677e-05	
4.46	-0.000143728 0.016869 -7.46761e-05	
4.47	-0.000143726 0.016869 -7.46752e-05	
4.48	-0.000143725 0.016869 -7.46743e-05	
4.49	-0.000143723 0.016869 -7.46734e-05	
4.5	-0.000143722 0.016869 -7.46724e-05	
4.51	-0.00014372 0.016869 -7.46715e-05	
4.52	-0.000143719 0.016869 -7.46705e-05	
4.53	-0.000143718 0.016869 -7.46696e-05	
4.54	-0.000143716 0.016869 -7.46686e-05	
4.55	-0.000143715 0.016869 -7.46677e-05	
4.56	-0.000143713 0.016869 -7.46667e-05	
4.57	-0.000143712 0.016869 -7.46656e-05	
4.58	-0.00014371 0.016869 -7.46646e-05	
4.59	-0.000143709 0.016869 -7.46636e-05	
4.6	-0.000143707 0.0168691 -7.46626e-05	
4.61	-0.000143706 0.0168691 -7.46615e-05	
4.62	-0.000143705 0.0168691 -7.46605e-05	
4.63	-0.000143703 0.0168691 -7.46595e-05	
4.64	-0.000143702 0.0168691 -7.46585e-05	
4.65	-0.0001437 0.0168691 -7.46574e-05	
4.66	-0.000143699 0.0168691 -7.46564e-05	
4.67	-0.000143697 0.0168691 -7.46554e-05	
4.68	-0.000143696 0.0168691 -7.46543e-05	
4.69	-0.000143694 0.0168691 -7.46532e-05	
4.7	-0.000143693 0.0168691 -7.46522e-05	
4.71	-0.000143691 0.0168691 -7.4651e-05	
4.72	-0.00014369 0.0168691 -7.46499e-05	
4.73	-0.000143688 0.0168691 -7.46488e-05	
4.74	-0.000143687 0.0168691 -7.46477e-05	
4.75	-0.000143685 0.0168691 -7.46466e-05	
4.76	-0.000143684 0.0168691 -7.46454e-05	
4.77	-0.000143682 0.0168691 -7.46442e-05	
4.78	-0.000143681 0.0168691 -7.46431e-05	
4.79	-0.000143679 0.0168691 -7.46419e-05	
4.8	-0.000143677 0.0168691 -7.46407e-05	
4.81	-0.000143676 0.0168691 -7.46396e-05	
4.82	-0.000143674 0.0168691 -7.46384e-05	
4.83	-0.000143673 0.0168691 -7.46372e-05	
4.84	-0.000143671 0.0168691 -7.4636e-05	
4.85	-0.00014367 0.0168691 -7.46348e-05	
4.86	-0.000143668 0.0168691 -7.46335e-05	
4.87	-0.000143666 0.0168691 -7.46322e-05	
4.88	-0.000143665 0.0168691 -7.46309e-05	
4.89	-0.000143663 0.0168692 -7.46296e-05	
4.9	-0.000143662 0.0168692 -7.46289e-05	
4.91	-0.00014366 0.0168692 -7.46269e-05	
4.92	-0.000143658 0.0168692 -7.46262e-05	
4.93	-0.000143657 0.0168692 -7.46249e-05	
4.94	-0.000143655 0.0168692 -7.46236e-05	
4.95	-0.000143653 0.0168692 -7.46223e-05	
4.96	-0.000143652 0.0168692 -7.4621e-05	
4.97	-0.00014365 0.0168692 -7.46197e-05	
4.98	-0.000143648 0.0168692 -7.46183e-05	
4.99	-0.000143647 0.0168692 -7.4617e-05	
5	-0.000143645 0.0168692 -7.46156e-05	
5.01	-0.000143643 0.0168692 -7.46141e-05	
5.02	-0.000143642 0.0168692 -7.46127e-05	
5.03	-0.00014364 0.0168692 -7.46113e-05	
5.04	-0.000143638 0.0168692 -7.46097e-05	
5.05	-0.000143636 0.0168692 -7.46082e-05	
5.06	-0.000143635 0.0168692 -7.46067e-05	
5.07	-0.000143628 0.0168692 -7.46003e-05	
5.08	-0.000143623 0.0168692 -7.45936e-05	
5.09	-0.000143619 0.0168692 -7.45898e-05	
5.1	-0.000143616 0.0168692 -7.45853e-05	
5.11	-0.000143615 0.0168692 -7.45835e-05	
5.12	-0.000143615 0.0168692 -7.45838e-05	
5.13	-0.000143613 0.0168692 -7.4582e-05	
5.14	-0.000143612 0.0168692 -7.45797e-05	
5.15	-0.00014361 0.0168692 -7.45774e-05	
5.16	-0.000143608 0.0168692 -7.4575e-05	
5.17	-0.000143606 0.0168692 -7.45734e-05	
5.18	-0.000143604 0.0168692 -7.45702e-05	
5.19	-0.000143602 0.0168693 -7.45687e-05	
5.2	-0.0001436 0.0168693 -7.45663e-05	
5.21	-0.000143598 0.0168693 -7.45639e-05	
5.22	-0.000143596 0.0168693 -7.45616e-05	
5.23	-0.000143595 0.0168693 -7.45592e-05	
5.24	-0.000143593 0.0168693 -7.45567e-05	
5.25	-0.000143591 0.0168693 -7.45543e-05	
5.26	-0.000143589 0.0168693 -7.45517e-05	
5.27	-0.000143588 0.0168693 -7.45491e-05	
5.28	-0.000143587 0.0168693 -7.45464e-05	
5.29	-0.000143586 0.0168693 -7.45438e-05	
5.3	-0.000143586 0.0168693 -7.4542e-05	
5.31	-0.000143586 0.0168693 -7.45395e-05	
5.32	-0.000143586 0.0168693 -7.45377e-05	
5.33	-0.000143587 0.0168693 -7.45352e-05	
5.34	-0.000143588 0.0168693 -7.4533e-05	
5.35	-0.000143589 0.0168693 -7.45307e-05	
5.36	-0.00014359 0.0168693 -7.45285e-05	
5.37	-0.000143591 0.0168693 -7.45263e-05	
5.38	-0.000143592 0.0168693 -7.45239e-05	
5.39	-0.000143593 0.0168693 -7.45216e-05	
5.4	-0.000143594 0.0168693 -7.45193e-05	
5.41	-0.000143595 0.0168693 -7.45169e-05	
5.42	-0.000143596 0.0168693 -7.45145e-05	
5.43	-0.000143597 0.0168693 -7.45122e-05	
5.44	-0.000143598 0.0168693 -7.45098e-05	
5.45	-0.000143598 0.0168693 -7.45074e-05	
5.46	-0.000143599 0.0168693 -7.45049e-05	
5.47	-0.0001436 0.0168693 -7.45025e-05	
5.48	-0.000143601 0.0168693 -7.45e-05	
5.49	-0.000143602 0.0168693 -7.44976e-05	
5.5	-0.000143602 0.0168693 -7.44951e-05	
5.51	-0.000143603 0.0168693 -7.44926e-05	
5.52	-0.000143604 0.0168693 -7.44901e-05	
5.53	-0.000143604 0.0168693 -7.44876e-05	
5.54	-0.000143605 0.0168693 -7.44851e-05	
5.55	-0.000143606 0.0168693 -7.44826e-05	
5.56	-0.000143606 0.0168693 -7.44801e-05	
5.57	-0.000143607 0.0168694 -7.44776e-05	
5.58	-0.000143607 0.0168694 -7.44751e-05	
5.59	-0.000143608 0.0168694 -7.44726e-05	
5.6	-0.000143608 0.0168694 -7.44701e-05	
5.61	-0.000143609 0.0168694 -7.44675e-05	
5.62	-0.00014361 0.0168694 -7.4465e-05	
5.63	-0.00014361 0.0168694 -7.44625e-05	
5.64	-0.000143611 0.0168694 -7.44599e-05	
5.65	-0.000143611 0.0168694 -7.44574e-05	
5.66	-0.000143612 0.0168694 -7.44548e-05	
5.67	-0.000143612 0.0168694 -7.44522e-05	
5.68	-0.000143613 0.0168694 -7.44497e-05	
5.69	-0.000143613 0.0168694 -7.44471e-05	
5.7	-0.000143614 0.0168694 -7.44446e-05	
5.71	-0.000143614 0.0168694 -7.44421e-05	
5.72	-0.00014361 0.0168694 -7.44358e-05	
5.73	-0.000143607 0.0168694 -7.44295e-05	
5.74	-0.000143605 0.0168694 -7.44257e-05	
5.75	-0.000143606 0.0168694 -7.44233e-05	
5.76	-0.000143608 0.0168694 -7.44226e-05	
5.77	-0.000143608 0.0168694 -7.442e-05	
5.78	-0.000143608 0.0168694 -7.44172e-05	
5.79	-0.000143608 0.0168694 -7.44143e-05	
5.8	-0.000143609 0.0168694 -7.44115e-05	
5.81	-0.000143609 0.0168694 -7.44087e-05	
5.82	-0.000143609 0.0168694 -7.4406e-05	
5.83	-0.00014361 0.0168694 -7.44033e-05	
5.84	-0.00014361 0.0168694 -7.44006e-05	
5.85	-0.00014361 0.0168694 -7.43979e-05	
5.86	-0.000143611 0.0168694 -7.43953e-05	
5.87	-0.000143611 0.0168694 -7.43926e-05	
5.88	-0.000143611 0.0168694 -7.43901e-05	
5.89	-0.000143611 0.0168695 -7.43878e-05	
5.9	-0.000143612 0.0168695 -7.43844e-05	
5.91	-0.000143612 0.0168695 -7.43828e-05	
5.92	-0.000143612 0.0168695 -7.43801e-05	
5.93	-0.000143612 0.0168695 -7.43777e-05	
5.94	-0.000143612 0.0168695 -7.43753e-05	
5.95	-0.000143613 0.0168695 -7.43729e-05	
5.96	-0.000143613 0.0168695 -7.43705e-05	
5.97	-0.000143613 0.0168695 -7.43682e-05	
5.98	-0.000143613 0.0168695 -7.43659e-05	
5.99	-0.000143614 0.0168695 -7.43636e-05	
6	-0.000143614 0.0168695 -7.43615e-05	
6.01	-0.000143615 0.0168695 -7.43583e-05	
6.02	-0.000143614 0.0168695 -7.43572e-05	
6.03	-0.000143613 0.0168695 -7.43543e-05	
6.04	-0.000143613 0.0168695 -7.43522e-05	
6.05	-0.000143614 0.0168695 -7.43498e-05	
6.06	-0.000143613 0.0168695 -7.43483e-05	
6.07	-0.000143613 0.0168695 -7.43446e-05	
6.08	-0.000143612 0.0168695 -7.43437e-05	
6.09	-0.000143612 0.0168695 -7.43407e-05	
6.1	-0.000143612 0.0168695 -7.43388e-05	
6.11	-0.000143611 0.0168695 -7.43365e-05	
6.12	-0.00014361 0.0168695 -7.43342e-05	
6.13	-0.00014361 0.0168695 -7.43319e-05	
6.14	-0.000143609 0.0168695 -7.43296e-05	
6.15	-0.000143608 0.0168695 -7.43273e-05	
6.16	-0.000143608 0.0168695 -7.43249e-05	
6.17	-0.000143607 0.0168695 -7.43227e-05	
6.18	-0.000143606 0.0168695 -7.43213e-05	
6.19	-0.000143605 0.0168695 -7.43202e-05	
6.2	-0.000143604 0.0168695 -7.4318e-05	
6.21	-0.000143603 0.0168695 -7.43173e-05	
6.22	-0.000143602 0.0168696 -7.43156e-05	
6.23	-0.000143601 0.0168696 -7.43142e-05	
6.24	-0.000143601 0.0168696 -7.43123e-05	
6.25	-0.000143599 0.0168696 -7.43113e-05	
6.26	-0.000143598 0.0168696 -7.43095e-05	
6.27	-0.000143598 0.0168696 -7.43076e-05	
6.28	-0.000143597 0.0168696 -7.43066e-05	
6.29	-0.000143596 0.0168696 -7.43047e-05	
6.3	-0.000143591 0.0168696 -7.42981e-05	
6.31	-0.000143587 0.0168696 -7.42918e-05	
6.32	-0.000143584 0.0168696 -7.42892e-05	
6.33	-0.000143586 0.0168696 -7.4286e-05	
6.34	-0.000143586 0.0168696 -7.4287e-05	
6.35	-0.000143585 0.0168696 -7.42853e-05	
6.36	-0.000143584 0.0168696 -7.42828e-05	
6.37	-0.000143583 0.0168696 -7.42809e-05	
6.38	-0.000143582 0.0168696 -7.42791e-05	
6.39	-0.000143582 0.0168696 -7.42765e-05	
6.4	-0.000143581 0.0168696 -7.42747e-05	
6.41	-0.00014358 0.0168696 -7.42729e-05	
6.42	-0.00014358 0.0168696 -7.42703e-05	
6.43	-0.000143579 0.0168696 -7.42685e-05	
6.44	-0.000143579 0.0168696 -7.42665e-05	
6.45	-0.000143578 0.0168696 -7.42644e-05	
6.46	-0.000143577 0.0168696 -7.42627e-05	
6.47	-0.000143577 0.0168696 -7.42602e-05	
6.48	-0.000143576 0.0168696 -7.42583e-05	
6.49	-0.000143576 0.0168696 -7.42563e-05	
6.5	-0.000143575 0.0168696 -7.42543e-05	
6.51	-0.000143574 0.0168696 -7.42523e-05	
6.52	-0.000143574 0.0168697 -7.42502e-05	
6.53	-0.000143573 0.0168697 -7.42482e-05	
6.54	-0.000143573 0.0168697 -7.42462e-05	
6.55	-0.000143572 0.0168697 -7.42445e-05	
6.56	-0.000143572 0.0168697 -7.4242e-05	
6.57	-0.000143571 0.0168697 -7.42402e-05	
6.58	-0.000143571 0.0168697 -7.42382e-05	
6.59	-0.00014357 0.0168697 -7.42361e-05	
6.6	-0.00014357 0.0168697 -7.42341e-05	
6.61	-0.000143569 0.0168697 -7.42321e-05	
6.62	-0.000143569 0.0168697 -7.42301e-05	
6.63	-0.000143568 0.0168697 -7.42281e-05	
6.64	-0.000143568 0.0168697 -7.42261e-05	
6.65	-0.000143567 0.0168697 -7.42241e-05	
6.66	-0.000143567 0.0168697 -7.42221e-05	
6.67	-0.000143567 0.0168697 -7.42201e-05	
6.68	-0.000143566 0.0168697 -7.42181e-05	
6.69	-0.000143566 0.0168697 -7.42161e-05	
6.7	-0.000143565 0.0168697 -7.42141e-05	
6.71	-0.000143565 0.0168697 -7.42122e-05	
6.72	-0.000143565 0.0168697 -7.42101e-05	
6.73	-0.000143564 0.0168697 -7.42081e-05	
6.74	-0.000143564 0.0168697 -7.42061e-05	
6.75	-0.000143564 0.0168697 -7.42041e-05	
6.76	-0.000143563 0.0168697 -7.42021e-05	
6.77	-0.000143563 0.0168697 -7.42e-05	
6.78	-0.000143563 0.0168697 -7.4198e-05	
6.79	-0.000143562 0.0168697 -7.4196e-05	
6.8	-0.000143562 0.0168697 -7.4194e-05	
6.81	-0.000143562 0.0168697 -7.4192e-05	
6.82	-0.000143561 0.0168697 -7.419e-05	
6.83	-0.000143561 0.0168697 -7.4188e-05	
6.84	-0.000143561 0.0168697 -7.4186e-05	
6.85	-0.000143556 0.0168698 -7.41794e-05	
6.86	-0.000143553 0.0168698 -7.41727e-05	
6.87	-0.000143551 0.0168698 -7.41688e-05	
6.88	-0.000143548 0.0168698 -7.41642e-05	
6.89	-0.00014355 0.0168698 -7.41623e-05	
6.9	-0.000143551 0.0168698 -7.41622e-05	
6.91	-0.000143551 0.0168698 -7.41602e-05	
6.92	-0.000143551 0.0168698 -7.41578e-05	
6.93	-0.000143551 0.0168698 -7.41553e-05	
6.94	-0.000143551 0.0168698 -7.41529e-05	
6.95	-0.000143551 0.0168698 -7.41506e-05	
6.96	-0.000143551 0.0168698 -7.41482e-05	
6.97	-0.000143551 0.0168698 -7.41459e-05	
6.98	-0.000143551 0.0168698 -7.41436e-05	
6.99	-0.00014355 0.0168698 -7.41413e-05	
7	-0.00014355 0.0168698 -7.4139e-05	
7.01	-0.00014355 0.0168698 -7.41367e-05	
7.02	-0.00014355 0.0168698 -7.41344e-05	
7.03	-0.00014355 0.0168698 -7.41322e-05	
7.04	-0.00014355 0.0168698 -7.413e-05	
7.05	-0.00014355 0.0168698 -7.41277e-05	
7.06	-0.00014355 0.0168698 -7.41255e-05	
7.07	-0.00014355 0.0168698 -7.41234e-05	
7.08	-0.00014355 0.0168698 -7.41212e-05	
7.09	-0.00014355 0.0168698 -7.4119e-05	
7.1	-0.00014355 0.0168698 -7.41169e-05	
7.11	-0.000143549 0.0168698 -7.41148e-05	
7.12	-0.000143549 0.0168698 -7.41127e-05	
7.13	-0.000143549 0.0168698 -7.41105e-05	
7.14	-0.000143549 0.0168698 -7.41084e-05	
7.15	-0.000143549 0.0168699 -7.41063e-05	
7.16	-0.000143549 0.0168699 -7.41042e-05	
7.17	-0.000143549 0.0168699 -7.41021e-05	
7.18	-0.000143549 0.0168699 -7.41001e-05	
7.19	-0.000143549 0.0168699 -7.4098e-05	
7.2	-0.000143549 0.0168699 -7.4096e-05	
7.21	-0.000143548 0.0168699 -7.40939e-05	
7.22	-0.000143548 0.0168699 -7.40918e-05	
7.23	-0.000143548 0.0168699 -7.40897e-05	
7.24	-0.000143548 0.0168699 -7.40877e-05	
7.25	-0.000143548 0.0168699 -7.40856e-05	
7.26	-0.000143548 0.0168699 -7.40836e-05	
7.27	-0.000143548 0.0168699 -7.40815e-05	
7.28	-0.000143548 0.0168699 -7.40795e-05	
7.29	-0.000143547 0.0168699 -7.40775e-05	
7.3	-0.000143547 0.0168699 -7.40754e-05	
7.31	-0.000143547 0.0168699 -7.40734e-05	
7.32	-0.000143547 0.0168699 -7.40714e-05	
7.33	-0.000143547 0.0168699 -7.40694e-05	
7.34	-0.000143547 0.0168699 -7.40674e-05	
7.35	-0.000143547 0.0168699 -7.40654e-05	
7.36	-0.000143547 0.0168699 -7.40634e-05	
7.37	-0.000143547 0.0168699 -7.40614e-05	
7.38	-0.000143546 0.0168699 -7.40594e-05	
7.39	-0.000143546 0.0168699 -7.40574e-05	
7.4	-0.000143546 0.0168699 -7.40555e-05	
7.41	-0.000143546 0.0168699 -7.40535e-05	
7.42	-0.000143546 0.0168699 -7.40515e-05	
7.43	-0.000143546 0.0168699 -7.40496e-05	
7.44	-0.000143546 0.0168699 -7.40476e-05	
7.45	-0.000143546 0.0168699 -7.40457e-05	
7.46	-0.000143545 0.0168699 -7.40438e-05	
7.47	-0.000143545 0.01687 -7.40419e-05	
7.48	-0.000143545 0.01687 -7.404e-05	
7.49	-0.000143545 0.01687 -7.40381e-05	
7.5	-0.000143545 0.01687 -7.40362e-05	
7.51	-0.000143545 0.01687 -7.40343e-05	
7.52	-0.00014354 0.01687 -7.40271e-05	
7.53	-0.000143537 0.01687 -7.40209e-05	
7.54	-0.000143535 0.01687 -7.40175e-05	
7.55	-0.000143537 0.01687 -7.40152e-05	
7.56	-0.000143538 0.01687 -7.4016e-05	
7.57	-0.000143538 0.01687 -7.4014e-05	
7.58	-0.000143538 0.01687 -7.40119e-05	
7.59	-0.000143538 0.01687 -7.40098e-05	
7.6	-0.000143538 0.01687 -7.40077e-05	
7.61	-0.000143538 0.01687 -7.40056e-05	
7.62	-0.000143538 0.01687 -7.40035e-05	
7.63	-0.000143538 0.01687 -7.40012e-05	
7.64	-0.000143538 0.01687 -7.39996e-05	
7.65	-0.000143537 0.01687 -7.39974e-05	
7.66	-0.000143538 0.01687 -7.39952e-05	
7.67	-0.000143537 0.01687 -7.39937e-05	
7.68	-0.000143537 0.01687 -7.39915e-05	
7.69	-0.000143537 0.01687 -7.39893e-05	
7.7	-0.000143537 0.01687 -7.39879e-05	
7.71	-0.000143537 0.01687 -7.39858e-05	
7.72	-0.000143537 0.01687 -7.39836e-05	
7.73	-0.000143537 0.01687 -7.39822e-05	
7.74	-0.000143537 0.01687 -7.39801e-05	
7.75	-0.000143537 0.01687 -7.3978e-05	
7.76	-0.000143536 0.01687 -7.39767e-05	
7.77	-0.000143536 0.0168701 -7.39746e-05	
7.78	-0.000143536 0.0168701 -7.39726e-05	
7.79	-0.000143536 0.0168701 -7.39712e-05	
7.8	-0.000143536 0.0168701 -7.39692e-05	
7.81	-0.000143536 0.0168701 -7.39672e-05	
7.82	-0.000143536 0.0168701 -7.3966e-05	
7.83	-0.000143536 0.0168701 -7.3964e-05	
7.84	-0.000143536 0.0168701 -7.39621e-05	
7.85	-0.000143536 0.0168701 -7.39609e-05	
7.86	-0.000143535 0.0168701 -7.3959e-05	
7.87	-0.000143536 0.0168701 -7.39571e-05	
7.88	-0.000143535 0.0168701 -7.39559e-05	
7.89	-0.000143535 0.0168701 -7.3954e-05	
7.9	-0.000143535 0.0168701 -7.39522e-05	
7.91	-0.000143535 0.0168701 -7.3951e-05	
7.92	-0.000143535 0.0168701 -7.39492e-05	
7.93	-0.000143535 0.0168701 -7.39475e-05	
7.94	-0.000143535 0.0168701 -7.39461e-05	
7.95	-0.000143534 0.0168701 -7.39448e-05	
7.96	-0.000143534 0.0168701 -7.39428e-05	
7.97	-0.000143534 0.0168701 -7.39415e-05	
7.98	-0.000143534 0.0168701 -7.39402e-05	
7.99	-0.000143534 0.0168701 -7.39382e-05	
8	-0.000143533 0.0168701 -7.3937e-05	
8.01	-0.000143533 0.0168701 -7.39357e-05	
8.02	-0.000143529 0.0168701 -7.39282e-05	
8.03	-0.000143525 0.0168701 -7.39222e-05	
8.04	-0.000143523 0.0168701 -7.39186e-05	
8.05	-0.000143521 0.0168702 -7.39145e-05	
8.06	-0.000143522 0.0168702 -7.39134e-05	
8.07	-0.000143524 0.0168702 -7.39144e-05	
8.08	-0.000143524 0.0168702 -7.39132e-05	
8.09	-0.000143524 0.0168702 -7.39117e-05	
8.1	-0.000143524 0.0168702 -7.39101e-05	
8.11	-0.000143524 0.0168702 -7.39086e-05	
8.12	-0.000143523 0.0168702 -7.39071e-05	
8.13	-0.000143523 0.0168702 -7.39056e-05	
8.14	-0.000143523 0.0168702 -7.39042e-05	
8.15	-0.000143523 0.0168702 -7.39029e-05	
8.16	-0.000143523 0.0168702 -7.39016e-05	
8.17	-0.000143523 0.0168702 -7.39003e-05	
8.18	-0.000143523 0.0168702 -7.38993e-05	
8.19	-0.000143523 0.0168702 -7.38975e-05	
8.2	-0.000143523 0.0168702 -7.3897e-05	
8.21	-0.000143522 0.0168702 -7.38957e-05	
8.22	-0.000143522 0.0168702 -7.38946e-05	
8.23	-0.000143522 0.0168702 -7.38936e-05	
8.24	-0.000143522 0.0168702 -7.38927e-05	
8.25	-0.000143522 0.0168702 -7.38917e-05	
8.26	-0.000143522 0.0168702 -7.38909e-05	
8.27	-0.000143521 0.0168702 -7.38902e-05	
8.28	-0.000143522 0.0168702 -7.38888e-05	
8.29	-0.000143521 0.0168702 -7.38887e-05	
8.3	-0.000143521 0.0168702 -7.38878e-05	
8.31	-0.000143521 0.0168702 -7.38871e-05	
8.32	-0.000143521 0.0168702 -7.38865e-05	
8.33	-0.00014352 0.0168702 -7.38859e-05	
8.34	-0.00014352 0.0168702 -7.38854e-05	
8.35	-0.00014352 0.0168702 -7.3885e-05	
8.36	-0.000143519 0.0168702 -7.38846e-05	
8.37	-0.000143519 0.0168702 -7.38842e-05	
8.38	-0.000143519 0.0168703 -7.38839e-05	
8.39	-0.000143519 0.0168703 -7.38837e-05	
8.4	-0.000143518 0.0168703 -7.38836e-05	
8.41	-0.000143518 0.0168703 -7.38837e-05	
8.42	-0.000143518 0.0168703 -7.38834e-05	
8.43	-0.000143517 0.0168703 -7.38843e-05	
8.44	-0.000143517 0.0168703 -7.38845e-05	
8.45	-0.000143516 0.0168703 -7.3885e-05	
8.46	-0.000143516 0.0168703 -7.38858e-05	
8.47	-0.000143515 0.0168703 -7.38868e-05	
8.48	-0.000143515 0.0168703 -7.3888e-05	
8.49	-0.000143514 0.0168703 -7.38895e-05	
8.5	-0.000143514 0.0168703 -7.38911e-05	
8.51	-0.000143513 0.0168703 -7.38927e-05	
8.52	-0.000143513 0.0168703 -7.38943e-05	
8.53	-0.000143513 0.0168703 -7.3896e-05	
8.54	-0.000143512 0.0168703 -7.38973e-05	
8.55	-0.000143511 0.0168703 -7.38992e-05	
8.56	-0.000143511 0.0168703 -7.39007e-05	
8.57	-0.00014351 0.0168703 -7.39027e-05	
8.58	-0.00014351 0.0168703 -7.39041e-05	
8.59	-0.000143509 0.0168703 -7.39049e-05	
8.6	-0.000143509 0.0168703 -7.39055e-05	
8.61	-0.000143508 0.0168703 -7.39075e-05	
8.62	-0.000143505 0.0168703 -7.3902e-05	
8.63	-0.000143502 0.0168704 -7.38977e-05	
8.64	-0.0001435 0.0168704 -7.38958e-05	
8.65	-0.000143502 0.0168704 -7.38958e-05	
8.66	-0.000143503 0.0168704 -7.38976e-05	
8.67	-0.000143503 0.0168704 -7.38973e-05	
8.68	-0.000143503 0.0168704 -7.38966e-05	
8.69	-0.000143503 0.0168704 -7.38957e-05	
8.7	-0.000143503 0.0168704 -7.38948e-05	
8.71	-0.000143504 0.0168704 -7.38938e-05	
8.72	-0.000143504 0.0168704 -7.38927e-05	
8.73	-0.000143504 0.0168704 -7.38915e-05	
8.74	-0.000143504 0.0168704 -7.38902e-05	
8.75	-0.000143505 0.0168704 -7.38888e-05	
8.76	-0.000143504 0.0168704 -7.38889e-05	
8.77	-0.000143505 0.0168704 -7.38862e-05	
8.78	-0.000143505 0.0168704 -7.38847e-05	
8.79	-0.000143506 0.0168704 -7.3883e-05	
8.8	-0.000143504 0.0168704 -7.38842e-05	
8.81	-0.000143506 0.0168704 -7.38801e-05	
8.82	-0.000143507 0.0168704 -7.38785e-05	
8.83	-0.000143507 0.0168704 -7.38765e-05	
8.84	-0.000143506 0.0168704 -7.3876e-05	
8.85	-0.000143507 0.0168704 -7.38727e-05	
8.86	-0.000143507 0.0168704 -7.38707e-05	
8.87	-0.000143507 0.0168704 -7.387e-05	
8.88	-0.000143508 0.0168704 -7.38666e-05	
8.89	-0.000143508 0.0168704 -7.38644e-05	
8.9	-0.000143508 0.0168704 -7.38635e-05	
8.91	-0.000143508 0.0168704 -7.386e-05	
8.92	-0.000143509 0.0168704 -7.38577e-05	
8.93	-0.000143508 0.0168704 -7.38567e-05	
8.94	-0.000143509 0.0168705 -7.38531e-05	
8.95	-0.000143509 0.0168705 -7.38507e-05	
8.96	-0.000143509 0.0168705 -7.38495e-05	
8.97	-0.000143509 0.0168705 -7.38457e-05	
8.98	-0.000143509 0.0168705 -7.38432e-05	
8.99	-0.000143509 0.0168705 -7.38419e-05	
9	-0.000143509 0.0168705 -7.3838e-05	
9.01	-0.00014351 0.0168705 -7.38354e-05	
9.02	-0.000143509 0.0168705 -7.3834e-05	
9.03	-0.00014351 0.0168705 -7.383e-05	
9.04	-0.00014351 0.0168705 -7.38273e-05	
9.05	-0.000143509 0.0168705 -7.38259e-05	
9.06	-0.00014351 0.0168705 -7.38219e-05	
9.07	-0.00014351 0.0168705 -7.38191e-05	
9.08	-0.000143509 0.0168705 -7.38175e-05	
9.09	-0.000143509 0.0168705 -7.38134e-05	
9.1	-0.00014351 0.0168705 -7.38105e-05	
9.11	-0.000143509 0.0168705 -7.38089e-05	
9.12	-0.000143509 0.0168705 -7.38048e-05	
9.13	-0.00014351 0.0168705 -7.38017e-05	
9.14	-0.000143506 0.0168705 -7.37937e-05	
9.15	-0.000143502 0.0168705 -7.37894e-05	
9.16	-0.000143501 0.0168705 -7.3782e-05	
9.17	-0.000143503 0.0168705 -7.37787e-05	
9.18	-0.000143505 0.0168705 -7.37768e-05	
9.19	-0.000143504 0.0168705 -7.37749e-05	
9.2	-0.000143505 0.0168705 -7.37698e-05	
9.21	-0.000143504 0.0168705 -7.37677e-05	
9.22	-0.000143505 0.0168706 -7.37624e-05	
9.23	-0.000143505 0.0168706 -7.376e-05	
9.24	-0.000143505 0.0168706 -7.37563e-05	
9.25	-0.000143505 0.0168706 -7.37528e-05	
9.26	-0.000143506 0.0168706 -7.3747e-05	
9.27	-0.000143506 0.0168706 -7.37438e-05	
9.28	-0.000143507 0.0168706 -7.37392e-05	
9.29	-0.000143508 0.0168706 -7.37344e-05	
9.3	-0.00014351 0.0168706 -7.3729e-05	
9.31	-0.000143512 0.0168706 -7.37232e-05	
9.32	-0.000143513 0.0168706 -7.37182e-05	
9.33	-0.000143518 0.0168706 -7.37082e-05	
9.34	-0.000143525 0.0168706 -7.36925e-05	
9.35	-0.000143531 0.0168706 -7.36791e-05	
9.36	-0.000143538 0.0168706 -7.36635e-05	
9.37	-0.000143545 0.0168706 -7.36487e-05	
9.38	-0.000143551 0.0168706 -7.36355e-05	
9.39	-0.000143558 0.0168707 -7.36202e-05	
9.4	-0.000143564 0.0168707 -7.36058e-05	
9.41	-0.00014357 0.0168707 -7.35928e-05	
9.42	-0.000143576 0.0168707 -7.35779e-05	
9.43	-0.000143583 0.0168707 -7.35637e-05	
9.44	-0.000143588 0.0168707 -7.35509e-05	
9.45	-0.000143594 0.0168707 -7.35362e-05	
9.46	-0.000143601 0.0168707 -7.35223e-05	
9.47	-0.000143606 0.0168707 -7.35096e-05	
9.48	-0.000143612 0.0168707 -7.34951e-05	
9.49	-0.000143618 0.0168707 -7.34813e-05	
9.5	-0.000143623 0.0168708 -7.34688e-05	
9.51	-0.000143625 0.0168708 -7.34501e-05	
9.52	-0.000143629 0.0168708 -7.34323e-05	
9.53	-0.000143632 0.0168708 -7.34182e-05	
9.54	-0.00014364 0.0168708 -7.3404e-05	
9.55	-0.000143647 0.0168708 -7.33922e-05	
9.56	-0.000143653 0.0168708 -7.33785e-05	
9.57	-0.000143658 0.0168708 -7.33659e-05	
9.58	-0.000143664 0.0168708 -7.33498e-05	
9.59	-0.00014367 0.0168708 -7.33366e-05	
9.6	-0.000143674 0.0168708 -7.33241e-05	
9.61	-0.000143681 0.0168709 -7.33078e-05	
9.62	-0.000143686 0.0168709 -7.3296e-05	
9.63	-0.000143691 0.0168709 -7.32818e-05	
9.64	-0.000143697 0.0168709 -7.32678e-05	
9.65	-0.000143703 0.0168709 -7.32538e-05	
9.66	-0.000143708 0.0168709 -7.32398e-05	
9.67	-0.000143713 0.0168709 -7.32257e-05	
9.68	-0.000143719 0.0168709 -7.32117e-05	
9.69	-0.000143724 0.0168709 -7.31973e-05	
9.7	-0.000143729 0.0168709 -7.31839e-05	
9.71	-0.000143734 0.0168709 -7.31702e-05	
9.72	-0.00014374 0.016871 -7.3156e-05	
9.73	-0.000143745 0.016871 -7.31429e-05	
9.74	-0.00014375 0.016871 -7.31294e-05	
9.75	-0.000143756 0.016871 -7.31155e-05	
9.76	-0.000143761 0.016871 -7.31025e-05	
9.77	-0.000143766 0.016871 -7.30892e-05	
9.78	-0.000143771 0.016871 -7.30755e-05	
9.79	-0.000143776 0.016871 -7.30628e-05	
9.8	-0.000143781 0.016871 -7.30497e-05	
9.81	-0.000143787 0.016871 -7.30362e-05	
9.82	-0.000143791 0.0168711 -7.30236e-05	
9.83	-0.000143793 0.0168711 -7.30055e-05	
9.84	-0.000143795 0.0168711 -7.29886e-05	
9.85	-0.000143799 0.0168711 -7.29734e-05	
9.86	-0.000143806 0.0168711 -7.29604e-05	
9.87	-0.000143811 0.0168711 -7.29498e-05	
9.88	-0.000143817 0.0168711 -7.29366e-05	
9.89	-0.000143823 0.0168711 -7.29237e-05	
9.9	-0.000143828 0.0168711 -7.29104e-05	
9.91	-0.000143833 0.0168712 -7.28973e-05	
9.92	-0.000143838 0.0168712 -7.28843e-05	
9.93	-0.000143843 0.0168712 -7.28713e-05	
9.94	-0.000143848 0.0168712 -7.28585e-05	
9.95	-0.000143854 0.0168712 -7.28456e-05	
9.96	-0.000143859 0.0168712 -7.28329e-05	
9.97	-0.000143863 0.0168712 -7.28207e-05	
9.98	-0.000143869 0.0168712 -7.28079e-05	
9.99	-0.000143874 0.0168712 -7.27957e-05	
10	-0.000143879 0.0168712 -7.27831e-05	
10.01	-0.000143884 0.0168712 -7.27707e-05	
10.02	-0.000143889 0.0168713 -7.27582e-05	
10.03	-0.000143894 0.0168713 -7.27459e-05	
10.04	-0.000143899 0.0168713 -7.27336e-05	
10.05	-0.000143904 0.0168713 -7.27214e-05	
10.06	-0.000143909 0.0168713 -7.27092e-05	
10.07	-0.000143914 0.0168713 -7.26971e-05	
10.08	-0.000143919 0.0168713 -7.26851e-05	
10.09	-0.000143924 0.0168713 -7.2673e-05	
10.1	-0.000143929 0.0168713 -7.2661e-05	
10.11	-0.000143934 0.0168713 -7.26491e-05	
10.12	-0.000143939 0.0168714 -7.26372e-05	
10.13	-0.00014394 0.0168714 -7.26202e-05	
10.14	-0.000143942 0.0168714 -7.2604e-05	
10.15	-0.000143945 0.0168714 -7.25909e-05	
10.16	-0.000143952 0.0168714 -7.25789e-05	
10.17	-0.000143958 0.0168714 -7.25695e-05	
10.18	-0.000143963 0.0168714 -7.25577e-05	
10.19	-0.000143968 0.0168714 -7.2546e-05	
10.2	-0.000143973 0.0168714 -7.25342e-05	
10.21	-0.000143978 0.0168714 -7.25222e-05	
10.22	-0.000143983 0.0168715 -7.25108e-05	
10.23	-0.000143988 0.0168715 -7.24989e-05	
10.24	-0.000143993 0.0168715 -7.24875e-05	
10.25	-0.000143997 0.0168715 -7.2476e-05	
10.26	-0.000144002 0.0168715 -7.24647e-05	
10.27	-0.000144007 0.0168715 -7.24534e-05	
10.28	-0.000144012 0.0168715 -7.24421e-05	
10.29	-0.000144016 0.0168715 -7.24309e-05	
10.3	-0.000144022 0.0168715 -7.24194e-05	
10.31	-0.000144026 0.0168715 -7.24085e-05	
10.32	-0.00014403 0.0168715 -7.23974e-05	
10.33	-0.000144036 0.0168716 -7.2386e-05	
10.34	-0.000144041 0.0168716 -7.23752e-05	
10.35	-0.000144045 0.0168716 -7.23641e-05	
10.36	-0.00014405 0.0168716 -7.23527e-05	
10.37	-0.000144055 0.0168716 -7.2342e-05	
10.38	-0.00014406 0.0168716 -7.23307e-05	
10.39	-0.000144064 0.0168716 -7.23201e-05	
10.4	-0.000144069 0.0168716 -7.23089e-05	
10.41	-0.000144074 0.0168716 -7.22982e-05	
10.42	-0.000144078 0.0168716 -7.22874e-05	
10.43	-0.000144083 0.0168716 -7.22764e-05	
10.44	-0.000144087 0.0168717 -7.22661e-05	
10.45	-0.000144088 0.0168717 -7.22505e-05	
10.46	-0.000144089 0.0168717 -7.22358e-05	
10.47	-0.000144093 0.0168717 -7.22233e-05	
10.48	-0.000144095 0.0168717 -7.22104e-05	
10.49	-0.000144102 0.0168717 -7.21999e-05	
10.5	-0.000144108 0.0168717 -7.21914e-05	
10.51	-0.000144113 0.0168717 -7.21805e-05	
10.52	-0.000144118 0.0168717 -7.21698e-05	
10.53	-0.000144123 0.0168717 -7.21588e-05	
10.54	-0.000144128 0.0168717 -7.21478e-05	
10.55	-0.000144133 0.0168718 -7.21373e-05	
10.56	-0.000144138 0.0168718 -7.21265e-05	
10.57	-0.000144143 0.0168718 -7.21136e-05	
10.58	-0.000144148 0.0168718 -7.21035e-05	
10.59	-0.000144154 0.0168718 -7.20895e-05	
10.6	-0.000144158 0.0168718 -7.20791e-05	
10.61	-0.000144164 0.0168718 -7.20657e-05	
10.62	-0.00014417 0.0168718 -7.20548e-05	
10.63	-0.000144177 0.0168718 -7.20399e-05	
10.64	-0.000144181 0.0168718 -7.20303e-05	
10.65	-0.000144189 0.0168718 -7.20152e-05	
10.66	-0.000144192 0.0168718 -7.20078e-05	
10.67	-0.0001442 0.0168719 -7.19933e-05	
10.68	-0.000144201 0.0168719 -7.19911e-05	
10.69	-0.000144209 0.0168719 -7.19782e-05	
10.7	-0.000144209 0.0168719 -7.19773e-05	
10.71	-0.000144216 0.0168719 -7.19644e-05	
10.72	-0.000144216 0.0168719 -7.19635e-05	
10.73	-0.000144223 0.0168719 -7.19512e-05	
10.74	-0.000144223 0.0168719 -7.19509e-05	
10.75	-0.00014423 0.0168719 -7.19386e-05	
10.76	-0.00014423 0.0168719 -7.1939e-05	
10.77	-0.000144236 0.0168719 -7.19273e-05	
10.78	-0.000144235 0.0168719 -7.19275e-05	
10.79	-0.000144241 0.016872 -7.19162e-05	
10.8	-0.00014424 0.016872 -7.19181e-05	
10.81	-0.000144245 0.016872 -7.19075e-05	
10.82	-0.000144244 0.016872 -7.19074e-05	
10.83	-0.000144247 0.016872 -7.19003e-05	
10.84	-0.000144247 0.016872 -7.18975e-05	
10.85	-0.00014425 0.016872 -7.18907e-05	
10.86	-0.000144251 0.016872 -7.18871e-05	
10.87	-0.000144253 0.016872 -7.18811e-05	
10.88	-0.000144255 0.016872 -7.1877e-05	
10.89	-0.00014426 0.016872 -7.18669e-05	
10.9	-0.000144255 0.016872 -7.18638e-05	
10.91	-0.000144256 0.016872 -7.18486e-05	
10.92	-0.000144254 0.016872 -7.18485e-05	
10.93	-0.000144253 0.016872 -7.18421e-05	
10.94	-0.00014426 0.016872 -7.18327e-05	
10.95	-0.00014426 0.016872 -7.18378e-05	
10.96	-0.000144262 0.0168721 -7.18342e-05	
10.97	-0.000144263 0.0168721 -7.18303e-05	
10.98	-0.000144265 0.0168721 -7.18253e-05	
10.99	-0.000144266 0.0168721 -7.18226e-05	
11	-0.000144269 0.0168721 -7.1816e-05	
11.01	-0.000144269 0.0168721 -7.18145e-05	
11.02	-0.000144271 0.0168721 -7.18085e-05	
11.03	-0.000144272 0.0168721 -7.18068e-05	
11.04	-0.000144275 0.0168721 -7.18002e-05	
